1100 64
0.000000 0.000000
0.001000 0.000000
0.002000 0.000000
0.003000 0.000000
0.004000 0.000000
0.005000 0.000000
0.006000 0.000000
0.007000 0.000000
0.008000 0.000000
0.009000 0.000000
0.010000 0.000000
0.011000 0.000000
0.012000 0.000000
0.013000 0.000000
0.014000 0.000000
0.015000 0.000000
0.016000 0.000000
0.017000 0.000000
0.018000 0.000000
0.019000 0.000000
0.020000 0.000000
0.021000 0.000000
0.022000 0.000000
0.023000 0.000000
0.024000 0.000000
0.025000 0.000000
0.026000 0.000000
0.027000 0.000000
0.028000 0.000000
0.029000 0.000000
0.030000 0.000000
0.031000 0.000000
0.032000 0.000000
0.033000 0.000000
0.034000 0.000000
0.035000 0.000000
0.036000 0.000000
0.037000 0.000000
0.038000 0.000000
0.039000 0.000000
0.040000 0.000000
0.041000 0.000000
0.042000 0.000000
0.043000 0.000000
0.044000 0.000000
0.045000 0.000000
0.046000 0.000000
0.047000 0.000000
0.048000 0.000000
0.049000 0.000000
0.050000 0.000000
0.051000 0.000000
0.052000 0.000000
0.053000 0.000000
0.054000 0.000000
0.055000 0.000000
0.056000 0.000000
0.057000 0.000000
0.058000 0.000000
0.059000 0.000000
0.060000 0.000000
0.061000 0.000000
0.062000 0.000000
0.063000 0.000000
0.064000 0.000000
0.065000 0.000000
0.066000 0.000000
0.067000 0.000000
0.068000 0.000000
0.069000 0.000000
0.070000 0.000000
0.071000 0.000000
0.072000 0.000000
0.073000 0.000000
0.074000 0.000000
0.075000 0.000000
0.076000 0.000000
0.077000 0.000000
0.078000 0.000000
0.079000 0.000000
0.080000 0.000000
0.081000 0.000000
0.082000 0.000000
0.083000 0.000000
0.084000 0.000000
0.085000 0.000000
0.086000 0.000000
0.087000 0.000000
0.088000 0.000000
0.089000 0.000000
0.090000 0.000000
0.091000 0.000000
0.092000 0.000000
0.093000 0.000000
0.094000 0.000000
0.095000 0.000000
0.096000 0.000000
0.097000 0.000000
0.098000 0.000000
0.099000 0.000000
0.100000 0.000000
0.101000 0.018400
0.102000 0.073600
0.103000 0.165467
0.104000 0.294000
0.105000 0.458800
0.106000 0.659867
0.107000 0.896667
0.108000 1.169067
0.109000 1.476533
0.110000 1.818667
0.111000 2.194933
0.112000 2.604800
0.113000 3.047867
0.114000 3.523333
0.115000 4.030533
0.116000 4.568800
0.117000 5.137467
0.118000 5.735733
0.119000 6.362800
0.120000 7.017733
0.121000 7.700000
0.122000 8.408400
0.123000 9.142267
0.124000 9.900533
0.125000 10.682533
0.126000 11.487067
0.127000 12.313333
0.128000 13.160267
0.129000 14.027067
0.130000 14.912800
0.131000 15.816267
0.132000 16.736800
0.133000 17.673333
0.134000 18.624800
0.135000 19.590533
0.136000 20.569333
0.137000 21.560400
0.138000 22.562933
0.139000 23.575867
0.140000 24.598400
0.141000 25.629600
0.142000 26.668800
0.143000 27.715067
0.144000 28.767600
0.145000 29.825600
0.146000 30.888267
0.147000 31.954933
0.148000 33.024800
0.149000 34.097333
0.150000 35.171600
0.151000 36.247200
0.152000 37.323333
0.153000 38.399467
0.154000 39.474933
0.155000 40.549333
0.156000 41.622000
0.157000 42.692400
0.158000 43.760133
0.159000 44.824533
0.160000 45.885467
0.161000 46.942267
0.162000 47.994533
0.163000 49.042000
0.164000 50.084267
0.165000 51.120800
0.166000 52.151600
0.167000 53.176133
0.168000 54.194133
0.169000 55.205467
0.170000 56.209733
0.171000 57.206667
0.172000 58.196133
0.173000 59.178000
0.174000 60.152000
0.175000 61.117867
0.176000 62.075600
0.177000 63.025067
0.178000 63.966000
0.179000 64.898267
0.180000 65.821867
0.181000 66.736667
0.182000 67.642667
0.183000 68.539600
0.184000 69.427600
0.185000 70.306533
0.186000 71.176400
0.187000 72.036933
0.188000 72.888533
0.189000 73.730800
0.190000 74.563867
0.191000 75.387733
0.192000 76.202400
0.193000 77.007867
0.194000 77.804267
0.195000 78.591333
0.196000 79.369467
0.197000 80.138400
0.198000 80.898267
0.199000 81.649067
0.200000 82.391067
0.201000 83.124000
0.202000 83.848133
0.203000 84.563333
0.204000 85.269867
0.205000 85.967733
0.206000 86.656933
0.207000 87.337600
0.208000 88.009733
0.209000 88.673600
0.210000 89.328933
0.211000 89.976133
0.212000 90.615067
0.213000 91.246000
0.214000 91.868800
0.215000 92.483600
0.216000 93.090667
0.217000 93.689867
0.218000 94.281333
0.219000 94.865333
0.220000 95.441733
0.221000 96.010667
0.222000 96.572267
0.223000 97.126533
0.224000 97.673600
0.225000 98.213600
0.226000 98.746667
0.227000 99.272667
0.228000 99.792000
0.229000 100.304400
0.230000 100.810267
0.231000 101.309467
0.232000 101.802133
0.233000 102.288400
0.234000 102.768400
0.235000 103.242000
0.236000 103.709600
0.237000 104.171067
0.238000 104.626400
0.239000 105.076000
0.240000 105.519600
0.241000 105.957467
0.242000 106.389733
0.243000 106.816400
0.244000 107.237467
0.245000 107.653067
0.246000 108.063200
0.247000 108.468133
0.248000 108.867867
0.249000 109.262400
0.250000 109.651867
0.251000 110.036267
0.252000 110.415867
0.253000 110.790400
0.254000 111.160267
0.255000 111.525333
0.256000 111.885733
0.257000 112.241600
0.258000 112.592933
0.259000 112.939733
0.260000 113.282133
0.261000 113.620133
0.262000 113.953867
0.263000 114.283467
0.264000 114.608800
0.265000 114.930000
0.266000 115.247200
0.267000 115.560533
0.268000 115.869733
0.269000 116.175200
0.270000 116.476800
0.271000 116.774667
0.272000 117.068800
0.273000 117.359200
0.274000 117.646000
0.275000 117.929333
0.276000 118.209067
0.277000 118.485333
0.278000 118.758267
0.279000 119.027733
0.280000 119.294000
0.281000 119.556933
0.282000 119.816533
0.283000 120.073067
0.284000 120.326400
0.285000 120.576667
0.286000 120.823867
0.287000 121.068000
0.288000 121.309200
0.289000 121.547467
0.290000 121.782800
0.291000 122.015333
0.292000 122.244933
0.293000 122.471867
0.294000 122.695867
0.295000 122.917333
0.296000 123.136000
0.297000 123.352000
0.298000 123.565467
0.299000 123.776267
0.300000 123.984533
0.301000 124.190133
0.302000 124.393333
0.303000 124.594133
0.304000 124.792400
0.305000 124.988267
0.306000 125.181733
0.307000 125.372800
0.308000 125.561467
0.309000 125.747867
0.310000 125.932000
0.311000 126.113867
0.312000 126.293333
0.313000 126.470667
0.314000 126.645733
0.315000 126.818667
0.316000 126.989333
0.317000 127.157867
0.318000 127.324267
0.319000 127.488400
0.320000 127.650533
0.321000 127.810533
0.322000 127.968400
0.323000 128.124133
0.324000 128.277867
0.325000 128.429467
0.326000 128.579067
0.327000 128.726533
0.328000 128.872000
0.329000 129.015467
0.330000 129.156800
0.331000 129.296133
0.332000 129.433467
0.333000 129.568667
0.334000 129.701867
0.335000 129.833067
0.336000 129.962133
0.337000 130.089200
0.338000 130.214267
0.339000 130.337200
0.340000 130.458133
0.341000 130.576933
0.342000 130.693733
0.343000 130.808400
0.344000 130.920933
0.345000 131.031333
0.346000 131.139600
0.347000 131.245600
0.348000 131.349600
0.349000 131.451333
0.350000 131.550800
0.351000 131.648133
0.352000 131.743067
0.353000 131.835733
0.354000 131.926133
0.355000 132.014133
0.356000 132.099733
0.357000 132.182933
0.358000 132.263733
0.359000 132.342000
0.360000 132.417733
0.361000 132.490800
0.362000 132.561333
0.363000 132.629200
0.364000 132.694267
0.365000 132.756533
0.366000 132.816133
0.367000 132.872800
0.368000 132.926533
0.369000 132.977200
0.370000 133.024800
0.371000 133.069467
0.372000 133.110800
0.373000 133.148800
0.374000 133.183600
0.375000 133.214933
0.376000 133.242800
0.377000 133.267200
0.378000 133.287867
0.379000 133.304800
0.380000 133.317867
0.381000 133.327067
0.382000 133.332267
0.383000 133.333333
0.384000 133.330267
0.385000 133.322800
0.386000 133.310933
0.387000 133.294533
0.388000 133.273467
0.389000 133.247733
0.390000 133.217067
0.391000 133.181467
0.392000 133.140667
0.393000 133.094533
0.394000 133.043200
0.395000 132.986267
0.396000 132.923600
0.397000 132.855200
0.398000 132.780800
0.399000 132.700400
0.400000 132.613733
0.401000 132.520667
0.402000 132.420933
0.403000 132.314533
0.404000 132.201333
0.405000 132.081067
0.406000 131.953467
0.407000 131.818533
0.408000 131.676133
0.409000 131.525867
0.410000 131.367733
0.411000 131.201467
0.412000 131.027067
0.413000 130.844000
0.414000 130.652400
0.415000 130.451867
0.416000 130.242400
0.417000 130.023600
0.418000 129.795467
0.419000 129.557600
0.420000 129.310133
0.421000 129.052533
0.422000 128.784667
0.423000 128.506533
0.424000 128.217733
0.425000 127.918267
0.426000 127.607733
0.427000 127.286000
0.428000 126.953067
0.429000 126.608533
0.430000 126.252267
0.431000 125.884133
0.432000 125.503867
0.433000 125.111467
0.434000 124.706533
0.435000 124.289200
0.436000 123.858933
0.437000 123.416000
0.438000 122.959867
0.439000 122.490667
0.440000 122.008000
0.441000 121.512133
0.442000 121.002533
0.443000 120.479333
0.444000 119.942400
0.445000 119.391733
0.446000 118.827067
0.447000 118.248400
0.448000 117.655733
0.449000 117.048933
0.450000 116.428000
0.451000 115.792933
0.452000 115.143733
0.453000 114.480533
0.454000 113.803067
0.455000 113.111467
0.456000 112.406000
0.457000 111.686400
0.458000 110.953067
0.459000 110.205867
0.460000 109.445067
0.461000 108.670533
0.462000 107.882800
0.463000 107.081733
0.464000 106.267467
0.465000 105.440533
0.466000 104.600800
0.467000 103.748667
0.468000 102.884400
0.469000 102.008133
0.470000 101.120133
0.471000 100.220933
0.472000 99.310533
0.473000 98.389467
0.474000 97.458000
0.475000 96.516400
0.476000 95.565200
0.477000 94.604667
0.478000 93.635200
0.479000 92.657333
0.480000 91.671333
0.481000 90.677600
0.482000 89.676800
0.483000 88.669200
0.484000 87.655200
0.485000 86.635467
0.486000 85.610267
0.487000 84.580267
0.488000 83.545867
0.489000 82.507600
0.490000 81.465867
0.491000 80.421200
0.492000 79.374133
0.493000 78.325200
0.494000 77.274933
0.495000 76.223600
0.496000 75.171867
0.497000 74.120267
0.498000 73.069333
0.499000 72.019333
0.500000 70.970933
0.501000 69.924533
0.502000 68.880667
0.503000 67.839733
0.504000 66.802267
0.505000 65.768667
0.506000 64.739333
0.507000 63.714667
0.508000 62.695200
0.509000 61.681333
0.510000 60.673333
0.511000 59.671733
0.512000 58.676667
0.513000 57.688800
0.514000 56.708133
0.515000 55.735333
0.516000 54.770533
0.517000 53.814000
0.518000 52.866000
0.519000 51.927067
0.520000 50.997067
0.521000 50.076667
0.522000 49.165733
0.523000 48.264533
0.524000 47.373467
0.525000 46.492667
0.526000 45.622133
0.527000 44.762133
0.528000 43.912800
0.529000 43.074267
0.530000 42.246667
0.531000 41.430133
0.532000 40.624667
0.533000 39.830400
0.534000 39.047333
0.535000 38.275600
0.536000 37.515200
0.537000 36.766267
0.538000 36.028667
0.539000 35.302533
0.540000 34.587733
0.541000 33.884400
0.542000 33.192400
0.543000 32.511867
0.544000 31.842533
0.545000 31.184533
0.546000 30.537733
0.547000 29.902133
0.548000 29.277600
0.549000 28.664133
0.550000 28.061600
0.551000 27.470000
0.552000 26.889200
0.553000 26.318933
0.554000 25.759333
0.555000 25.210267
0.556000 24.671467
0.557000 24.143067
0.558000 23.624667
0.559000 23.116400
0.560000 22.618000
0.561000 22.129333
0.562000 21.650400
0.563000 21.180933
0.564000 20.720933
0.565000 20.270133
0.566000 19.828400
0.567000 19.395867
0.568000 18.972000
0.569000 18.556933
0.570000 18.150533
0.571000 17.752533
0.572000 17.362800
0.573000 16.981333
0.574000 16.607867
0.575000 16.242267
0.576000 15.884400
0.577000 15.534267
0.578000 15.191600
0.579000 14.856267
0.580000 14.528133
0.581000 14.207200
0.582000 13.893200
0.583000 13.586000
0.584000 13.285467
0.585000 12.991467
0.586000 12.704000
0.587000 12.422800
0.588000 12.147867
0.589000 11.878933
0.590000 11.616000
0.591000 11.358933
0.592000 11.107467
0.593000 10.861600
0.594000 10.621333
0.595000 10.386400
0.596000 10.156667
0.597000 9.932000
0.598000 9.712533
0.599000 9.497867
0.600000 9.288133
0.601000 9.083067
0.602000 8.882533
0.603000 8.686667
0.604000 8.495067
0.605000 8.308000
0.606000 8.124933
0.607000 7.946133
0.608000 7.771333
0.609000 7.600533
0.610000 7.433600
0.611000 7.270533
0.612000 7.111067
0.613000 6.955200
0.614000 6.802800
0.615000 6.654000
0.616000 6.508533
0.617000 6.366400
0.618000 6.227467
0.619000 6.091600
0.620000 5.958933
0.621000 5.829200
0.622000 5.702533
0.623000 5.578667
0.624000 5.457600
0.625000 5.339200
0.626000 5.223600
0.627000 5.110533
0.628000 5.000133
0.629000 4.892267
0.630000 4.786667
0.631000 4.683600
0.632000 4.582800
0.633000 4.484400
0.634000 4.388133
0.635000 4.294000
0.636000 4.202000
0.637000 4.112133
0.638000 4.024267
0.639000 3.938400
0.640000 3.854400
0.641000 3.772400
0.642000 3.692133
0.643000 3.613733
0.644000 3.537067
0.645000 3.462267
0.646000 3.388933
0.647000 3.317333
0.648000 3.247333
0.649000 3.178933
0.650000 3.112000
0.651000 3.046667
0.652000 2.982667
0.653000 2.920133
0.654000 2.859067
0.655000 2.799200
0.656000 2.740800
0.657000 2.683600
0.658000 2.627733
0.659000 2.573200
0.660000 2.519733
0.661000 2.467467
0.662000 2.416400
0.663000 2.366400
0.664000 2.317600
0.665000 2.269733
0.666000 2.223067
0.667000 2.177333
0.668000 2.132667
0.669000 2.088933
0.670000 2.046133
0.671000 2.004267
0.672000 1.963333
0.673000 1.923333
0.674000 1.884267
0.675000 1.845867
0.676000 1.808400
0.677000 1.771733
0.678000 1.735867
0.679000 1.700800
0.680000 1.666533
0.681000 1.632933
0.682000 1.600133
0.683000 1.567867
0.684000 1.536533
0.685000 1.505733
0.686000 1.475600
0.687000 1.446133
0.688000 1.417200
0.689000 1.389067
0.690000 1.361467
0.691000 1.334400
0.692000 1.307867
0.693000 1.282000
0.694000 1.256667
0.695000 1.231867
0.696000 1.207600
0.697000 1.183867
0.698000 1.160533
0.699000 1.137733
0.700000 1.115467
0.701000 1.093600
0.702000 1.072267
0.703000 1.051333
0.704000 1.030933
0.705000 1.010800
0.706000 0.991200
0.707000 0.972000
0.708000 0.953200
0.709000 0.934800
0.710000 0.916667
0.711000 0.899067
0.712000 0.881733
0.713000 0.864800
0.714000 0.848133
0.715000 0.832000
0.716000 0.816000
0.717000 0.800400
0.718000 0.785200
0.719000 0.770267
0.720000 0.755600
0.721000 0.741200
0.722000 0.727200
0.723000 0.713333
0.724000 0.699867
0.725000 0.686667
0.726000 0.673733
0.727000 0.661067
0.728000 0.648667
0.729000 0.636400
0.730000 0.624533
0.731000 0.612800
0.732000 0.601467
0.733000 0.590133
0.734000 0.579200
0.735000 0.568400
0.736000 0.557867
0.737000 0.547467
0.738000 0.537333
0.739000 0.527467
0.740000 0.517733
0.741000 0.508133
0.742000 0.498800
0.743000 0.489600
0.744000 0.480667
0.745000 0.471867
0.746000 0.463200
0.747000 0.454667
0.748000 0.446400
0.749000 0.438267
0.750000 0.430267
0.751000 0.422533
0.752000 0.414800
0.753000 0.407333
0.754000 0.400000
0.755000 0.392667
0.756000 0.385600
0.757000 0.378667
0.758000 0.371867
0.759000 0.365200
0.760000 0.358667
0.761000 0.352267
0.762000 0.346000
0.763000 0.339733
0.764000 0.333733
0.765000 0.327733
0.766000 0.322000
0.767000 0.316267
0.768000 0.310667
0.769000 0.305067
0.770000 0.299733
0.771000 0.294400
0.772000 0.289200
0.773000 0.284133
0.774000 0.279200
0.775000 0.274267
0.776000 0.269467
0.777000 0.264800
0.778000 0.260133
0.779000 0.255600
0.780000 0.251067
0.781000 0.246800
0.782000 0.242400
0.783000 0.238267
0.784000 0.234133
0.785000 0.230133
0.786000 0.226133
0.787000 0.222267
0.788000 0.218400
0.789000 0.214667
0.790000 0.210933
0.791000 0.207333
0.792000 0.203733
0.793000 0.200267
0.794000 0.196800
0.795000 0.193467
0.796000 0.190133
0.797000 0.186933
0.798000 0.183733
0.799000 0.180667
0.800000 0.177600
0.801000 0.174667
0.802000 0.171600
0.803000 0.168800
0.804000 0.165867
0.805000 0.163067
0.806000 0.160400
0.807000 0.157733
0.808000 0.155067
0.809000 0.152400
0.810000 0.149867
0.811000 0.147467
0.812000 0.144933
0.813000 0.142533
0.814000 0.140133
0.815000 0.137867
0.816000 0.135600
0.817000 0.133333
0.818000 0.131067
0.819000 0.128933
0.820000 0.126800
0.821000 0.124667
0.822000 0.122667
0.823000 0.120667
0.824000 0.118667
0.825000 0.116800
0.826000 0.114800
0.827000 0.112933
0.828000 0.111067
0.829000 0.109333
0.830000 0.107467
0.831000 0.105733
0.832000 0.104133
0.833000 0.102400
0.834000 0.100667
0.835000 0.099067
0.836000 0.097467
0.837000 0.095867
0.838000 0.094400
0.839000 0.092933
0.840000 0.091333
0.841000 0.089867
0.842000 0.088533
0.843000 0.087067
0.844000 0.085733
0.845000 0.084267
0.846000 0.082933
0.847000 0.081600
0.848000 0.080400
0.849000 0.079067
0.850000 0.077867
0.851000 0.076533
0.852000 0.075333
0.853000 0.074133
0.854000 0.073067
0.855000 0.071867
0.856000 0.070800
0.857000 0.069600
0.858000 0.068533
0.859000 0.067467
0.860000 0.066400
0.861000 0.065333
0.862000 0.064400
0.863000 0.063333
0.864000 0.062400
0.865000 0.061467
0.866000 0.060400
0.867000 0.059467
0.868000 0.058533
0.869000 0.057733
0.870000 0.056800
0.871000 0.055867
0.872000 0.055067
0.873000 0.054267
0.874000 0.053333
0.875000 0.052533
0.876000 0.051733
0.877000 0.050933
0.878000 0.050133
0.879000 0.049467
0.880000 0.048667
0.881000 0.047867
0.882000 0.047200
0.883000 0.046533
0.884000 0.045733
0.885000 0.045067
0.886000 0.044400
0.887000 0.043733
0.888000 0.043067
0.889000 0.042400
0.890000 0.041733
0.891000 0.041200
0.892000 0.040533
0.893000 0.039867
0.894000 0.039333
0.895000 0.038800
0.896000 0.038133
0.897000 0.037600
0.898000 0.037067
0.899000 0.036533
0.900000 0.036000
0.901000 0.035467
0.902000 0.034933
0.903000 0.034400
0.904000 0.033867
0.905000 0.033333
0.906000 0.032933
0.907000 0.032400
0.908000 0.031867
0.909000 0.031467
0.910000 0.030933
0.911000 0.030533
0.912000 0.030133
0.913000 0.029600
0.914000 0.029200
0.915000 0.028800
0.916000 0.028400
0.917000 0.028000
0.918000 0.027600
0.919000 0.027200
0.920000 0.026800
0.921000 0.026400
0.922000 0.026000
0.923000 0.025600
0.924000 0.025200
0.925000 0.024933
0.926000 0.024533
0.927000 0.024133
0.928000 0.023867
0.929000 0.023467
0.930000 0.023067
0.931000 0.022800
0.932000 0.022533
0.933000 0.022133
0.934000 0.021867
0.935000 0.021467
0.936000 0.021200
0.937000 0.020933
0.938000 0.020667
0.939000 0.020267
0.940000 0.020000
0.941000 0.019733
0.942000 0.019467
0.943000 0.019200
0.944000 0.018933
0.945000 0.018667
0.946000 0.018400
0.947000 0.018133
0.948000 0.017867
0.949000 0.017600
0.950000 0.017333
0.951000 0.017200
0.952000 0.016933
0.953000 0.016667
0.954000 0.016400
0.955000 0.016267
0.956000 0.016000
0.957000 0.015733
0.958000 0.015600
0.959000 0.015333
0.960000 0.015067
0.961000 0.014933
0.962000 0.014667
0.963000 0.014533
0.964000 0.014267
0.965000 0.014133
0.966000 0.013867
0.967000 0.013733
0.968000 0.013467
0.969000 0.013333
0.970000 0.013200
0.971000 0.012933
0.972000 0.012800
0.973000 0.012667
0.974000 0.012400
0.975000 0.012267
0.976000 0.012133
0.977000 0.012000
0.978000 0.011733
0.979000 0.011600
0.980000 0.011467
0.981000 0.011333
0.982000 0.011200
0.983000 0.011067
0.984000 0.010933
0.985000 0.010667
0.986000 0.010533
0.987000 0.010400
0.988000 0.010267
0.989000 0.010133
0.990000 0.010000
0.991000 0.009867
0.992000 0.009733
0.993000 0.009600
0.994000 0.009467
0.995000 0.009333
0.996000 0.009200
0.997000 0.009067
0.998000 0.009067
0.999000 0.008933
1.000000 0.008800
1.001000 0.008667
1.002000 0.008533
1.003000 0.008400
1.004000 0.008267
1.005000 0.008267
1.006000 0.008133
1.007000 0.008000
1.008000 0.007867
1.009000 0.007733
1.010000 0.007733
1.011000 0.007600
1.012000 0.007467
1.013000 0.007333
1.014000 0.007333
1.015000 0.007200
1.016000 0.007067
1.017000 0.007067
1.018000 0.006933
1.019000 0.006800
1.020000 0.006800
1.021000 0.006667
1.022000 0.006533
1.023000 0.006533
1.024000 0.006400
1.025000 0.006267
1.026000 0.006267
1.027000 0.006133
1.028000 0.006133
1.029000 0.006000
1.030000 0.005867
1.031000 0.005867
1.032000 0.005733
1.033000 0.005733
1.034000 0.005600
1.035000 0.005600
1.036000 0.005467
1.037000 0.005467
1.038000 0.005333
1.039000 0.005333
1.040000 0.005200
1.041000 0.005200
1.042000 0.005067
1.043000 0.005067
1.044000 0.004933
1.045000 0.004933
1.046000 0.004800
1.047000 0.004800
1.048000 0.004667
1.049000 0.004667
1.050000 0.004533
1.051000 0.004533
1.052000 0.004533
1.053000 0.004400
1.054000 0.004400
1.055000 0.004267
1.056000 0.004267
1.057000 0.004267
1.058000 0.004133
1.059000 0.004133
1.060000 0.004000
1.061000 0.004000
1.062000 0.004000
1.063000 0.003867
1.064000 0.003867
1.065000 0.003867
1.066000 0.003733
1.067000 0.003733
1.068000 0.003600
1.069000 0.003600
1.070000 0.003600
1.071000 0.003467
1.072000 0.003467
1.073000 0.003467
1.074000 0.003467
1.075000 0.003333
1.076000 0.003333
1.077000 0.003333
1.078000 0.003200
1.079000 0.003200
1.080000 0.003200
1.081000 0.003067
1.082000 0.003067
1.083000 0.003067
1.084000 0.003067
1.085000 0.002933
1.086000 0.002933
1.087000 0.002933
1.088000 0.002933
1.089000 0.002800
1.090000 0.002800
1.091000 0.002800
1.092000 0.002667
1.093000 0.002667
1.094000 0.002667
1.095000 0.002667
1.096000 0.002667
1.097000 0.002533
1.098000 0.002533
1.099000 0.002533
