1100 64
0.000000 0.000000
0.001000 0.000000
0.002000 0.000000
0.003000 0.000000
0.004000 0.000000
0.005000 0.000000
0.006000 0.000000
0.007000 0.000000
0.008000 0.000000
0.009000 0.000000
0.010000 0.000000
0.011000 0.000000
0.012000 0.000000
0.013000 0.000000
0.014000 0.000000
0.015000 0.000000
0.016000 0.000000
0.017000 0.000000
0.018000 0.000000
0.019000 0.000000
0.020000 0.000000
0.021000 0.000000
0.022000 0.000000
0.023000 0.000000
0.024000 0.000000
0.025000 0.000000
0.026000 0.000000
0.027000 0.000000
0.028000 0.000000
0.029000 0.000000
0.030000 0.000000
0.031000 0.000000
0.032000 0.000000
0.033000 0.000000
0.034000 0.000000
0.035000 0.000000
0.036000 0.000000
0.037000 0.000000
0.038000 0.000000
0.039000 0.000000
0.040000 0.000000
0.041000 0.000000
0.042000 0.000000
0.043000 0.000000
0.044000 0.000000
0.045000 0.000000
0.046000 0.000000
0.047000 0.000000
0.048000 0.000000
0.049000 0.000000
0.050000 0.000000
0.051000 0.000000
0.052000 0.000000
0.053000 0.000000
0.054000 0.000000
0.055000 0.000000
0.056000 0.000000
0.057000 0.000000
0.058000 0.000000
0.059000 0.000000
0.060000 0.000000
0.061000 0.000000
0.062000 0.000000
0.063000 0.000000
0.064000 0.000000
0.065000 0.000000
0.066000 0.000000
0.067000 0.000000
0.068000 0.000000
0.069000 0.000000
0.070000 0.000000
0.071000 0.000000
0.072000 0.000000
0.073000 0.000000
0.074000 0.000000
0.075000 0.000000
0.076000 0.000000
0.077000 0.000000
0.078000 0.000000
0.079000 0.000000
0.080000 0.000000
0.081000 0.000000
0.082000 0.000000
0.083000 0.000000
0.084000 0.000000
0.085000 0.000000
0.086000 0.000000
0.087000 0.000000
0.088000 0.000000
0.089000 0.000000
0.090000 0.000000
0.091000 0.000000
0.092000 0.000000
0.093000 0.000000
0.094000 0.000000
0.095000 0.000000
0.096000 0.000000
0.097000 0.000000
0.098000 0.000000
0.099000 0.000000
0.100000 0.000000
0.101000 0.031462
0.102000 0.125848
0.103000 0.282930
0.104000 0.502709
0.105000 0.784499
0.106000 1.128301
0.107000 1.533204
0.108000 1.998979
0.109000 2.524714
0.110000 3.109726
0.111000 3.753101
0.112000 4.453930
0.113000 5.211526
0.114000 6.024524
0.115000 6.891781
0.116000 7.812160
0.117000 8.784519
0.118000 9.807491
0.119000 10.879708
0.120000 11.999574
0.121000 13.166177
0.122000 14.377466
0.123000 15.632299
0.124000 16.928854
0.125000 18.265991
0.126000 19.641657
0.127000 21.054484
0.128000 22.502650
0.129000 23.984785
0.130000 25.499295
0.131000 27.044126
0.132000 28.618140
0.133000 30.219512
0.134000 31.846418
0.135000 33.497719
0.136000 35.171362
0.137000 36.865980
0.138000 38.580205
0.139000 40.312213
0.140000 42.060636
0.141000 43.823878
0.142000 45.600799
0.143000 47.389803
0.144000 49.189522
0.145000 50.998589
0.146000 52.815636
0.147000 54.639522
0.148000 56.468879
0.149000 58.302797
0.150000 60.139678
0.151000 61.978839
0.152000 63.818912
0.153000 65.658985
0.154000 67.497918
0.155000 69.335027
0.156000 71.169173
0.157000 72.999442
0.158000 74.825152
0.159000 76.645163
0.160000 78.459245
0.161000 80.266260
0.162000 82.065524
0.163000 83.856580
0.164000 85.638745
0.165000 87.411106
0.166000 89.173664
0.167000 90.925506
0.168000 92.666178
0.169000 94.395449
0.170000 96.112638
0.171000 97.817288
0.172000 99.509170
0.173000 101.188057
0.174000 102.853493
0.175000 104.505022
0.176000 106.142643
0.177000 107.766130
0.178000 109.375025
0.179000 110.969102
0.180000 112.548359
0.181000 114.112569
0.182000 115.661733
0.183000 117.195393
0.184000 118.713778
0.185000 120.216660
0.186000 121.704039
0.187000 123.175459
0.188000 124.631604
0.189000 126.071790
0.190000 127.496245
0.191000 128.904969
0.192000 130.297962
0.193000 131.675224
0.194000 133.036983
0.195000 134.382783
0.196000 135.713308
0.197000 137.028101
0.198000 138.327392
0.199000 139.611180
0.200000 140.879921
0.201000 142.133158
0.202000 143.371349
0.203000 144.594265
0.204000 145.802361
0.205000 146.995639
0.206000 148.174097
0.207000 149.337964
0.208000 150.487240
0.209000 151.622381
0.210000 152.742931
0.211000 153.849574
0.212000 154.942082
0.213000 156.020911
0.214000 157.085832
0.215000 158.137074
0.216000 159.175094
0.217000 160.199662
0.218000 161.211006
0.219000 162.209584
0.220000 163.195166
0.221000 164.167982
0.222000 165.128258
0.223000 166.075994
0.224000 167.011420
0.225000 167.934762
0.226000 168.846249
0.227000 169.745653
0.228000 170.633658
0.229000 171.509807
0.230000 172.374785
0.231000 173.228363
0.232000 174.070771
0.233000 174.902235
0.234000 175.722983
0.235000 176.532789
0.236000 177.332335
0.237000 178.121394
0.238000 178.899965
0.239000 179.668733
0.240000 180.427242
0.241000 181.175947
0.242000 181.915077
0.243000 182.644631
0.244000 183.364610
0.245000 184.075242
0.246000 184.776526
0.247000 185.468918
0.248000 186.152420
0.249000 186.827030
0.250000 187.492976
0.251000 188.150259
0.252000 188.799334
0.253000 189.439746
0.254000 190.072179
0.255000 190.696404
0.256000 191.312649
0.257000 191.921143
0.258000 192.521886
0.259000 193.114877
0.260000 193.700344
0.261000 194.278288
0.262000 194.848936
0.263000 195.412517
0.264000 195.968802
0.265000 196.518020
0.266000 197.060398
0.267000 197.596165
0.268000 198.124864
0.269000 198.647179
0.270000 199.162883
0.271000 199.672203
0.272000 200.175140
0.273000 200.671693
0.274000 201.162090
0.275000 201.646560
0.276000 202.124874
0.277000 202.597260
0.278000 203.063947
0.279000 203.524706
0.280000 203.979994
0.281000 204.429582
0.282000 204.873470
0.283000 205.312115
0.284000 205.745287
0.285000 206.173217
0.286000 206.595902
0.287000 207.013344
0.288000 207.425770
0.289000 207.833181
0.290000 208.235576
0.291000 208.633183
0.292000 209.025774
0.293000 209.413806
0.294000 209.796822
0.295000 210.175507
0.296000 210.549403
0.297000 210.918740
0.298000 211.283745
0.299000 211.644191
0.300000 212.000305
0.301000 212.351859
0.302000 212.699309
0.303000 213.042655
0.304000 213.381670
0.305000 213.716581
0.306000 214.047389
0.307000 214.374092
0.308000 214.696692
0.309000 215.015416
0.310000 215.330265
0.311000 215.641237
0.312000 215.948106
0.313000 216.251327
0.314000 216.550672
0.315000 216.846370
0.316000 217.138192
0.317000 217.426366
0.318000 217.710892
0.319000 217.991542
0.320000 218.268773
0.321000 218.542356
0.322000 218.812291
0.323000 219.078578
0.324000 219.341446
0.325000 219.600666
0.326000 219.856466
0.327000 220.108618
0.328000 220.357350
0.329000 220.602663
0.330000 220.844328
0.331000 221.082573
0.332000 221.317398
0.333000 221.548576
0.334000 221.776334
0.335000 222.000672
0.336000 222.221362
0.337000 222.438632
0.338000 222.652483
0.339000 222.862686
0.340000 223.069469
0.341000 223.272604
0.342000 223.472320
0.343000 223.668388
0.344000 223.860807
0.345000 224.049580
0.346000 224.234704
0.347000 224.415953
0.348000 224.593782
0.349000 224.767735
0.350000 224.937812
0.351000 225.104242
0.352000 225.266568
0.353000 225.425018
0.354000 225.579592
0.355000 225.730063
0.356000 225.876430
0.357000 226.018693
0.358000 226.156852
0.359000 226.290680
0.360000 226.420176
0.361000 226.545112
0.362000 226.665716
0.363000 226.781761
0.364000 226.893018
0.365000 226.999487
0.366000 227.101397
0.367000 227.198291
0.368000 227.290169
0.369000 227.376804
0.370000 227.458195
0.371000 227.534570
0.372000 227.605246
0.373000 227.670221
0.374000 227.729726
0.375000 227.783302
0.376000 227.830951
0.377000 227.872673
0.378000 227.908011
0.379000 227.936965
0.380000 227.959307
0.381000 227.975038
0.382000 227.983930
0.383000 227.985754
0.384000 227.980510
0.385000 227.967743
0.386000 227.947452
0.387000 227.919410
0.388000 227.883388
0.389000 227.839387
0.390000 227.786950
0.391000 227.726078
0.392000 227.656314
0.393000 227.577431
0.394000 227.489657
0.395000 227.392307
0.396000 227.285154
0.397000 227.168197
0.398000 227.040981
0.399000 226.903505
0.400000 226.755315
0.401000 226.596181
0.402000 226.425647
0.403000 226.243715
0.404000 226.050155
0.405000 225.844512
0.406000 225.626329
0.407000 225.395608
0.408000 225.152119
0.409000 224.895179
0.410000 224.624788
0.411000 224.340490
0.412000 224.042284
0.413000 223.729260
0.414000 223.401644
0.415000 223.058754
0.416000 222.700588
0.417000 222.326463
0.418000 221.936380
0.419000 221.529653
0.420000 221.106512
0.421000 220.666043
0.422000 220.208020
0.423000 219.732441
0.424000 219.238624
0.425000 218.726568
0.426000 218.195589
0.427000 217.645460
0.428000 217.076179
0.429000 216.487064
0.430000 215.877886
0.431000 215.248418
0.432000 214.598202
0.433000 213.927240
0.434000 213.234847
0.435000 212.521252
0.436000 211.785542
0.437000 211.028173
0.438000 210.248234
0.439000 209.445952
0.440000 208.620644
0.441000 207.772765
0.442000 206.901403
0.443000 206.006787
0.444000 205.088689
0.445000 204.147107
0.446000 203.181588
0.447000 202.192130
0.448000 201.178733
0.449000 200.141170
0.450000 199.079440
0.451000 197.993544
0.452000 196.883481
0.453000 195.749480
0.454000 194.591084
0.455000 193.408522
0.456000 192.202250
0.457000 190.971811
0.458000 189.717889
0.459000 188.440257
0.460000 187.139370
0.461000 185.815001
0.462000 184.468061
0.463000 183.098323
0.464000 181.706014
0.465000 180.292046
0.466000 178.856192
0.467000 177.399135
0.468000 175.921331
0.469000 174.423009
0.470000 172.904624
0.471000 171.367088
0.472000 169.810401
0.473000 168.235475
0.474000 166.642767
0.475000 165.032732
0.476000 163.406281
0.477000 161.763872
0.478000 160.106187
0.479000 158.434140
0.480000 156.748185
0.481000 155.049007
0.482000 153.337746
0.483000 151.614858
0.484000 149.881026
0.485000 148.137391
0.486000 146.384409
0.487000 144.623219
0.488000 142.854505
0.489000 141.079180
0.490000 139.297928
0.491000 137.511659
0.492000 135.721287
0.493000 133.927723
0.494000 132.131879
0.495000 130.334212
0.496000 128.535860
0.497000 126.737736
0.498000 124.940753
0.499000 123.145365
0.500000 121.352713
0.501000 119.563481
0.502000 117.778580
0.503000 115.998696
0.504000 114.224738
0.505000 112.457393
0.506000 110.697343
0.507000 108.945272
0.508000 107.202093
0.509000 105.468490
0.510000 103.744917
0.511000 102.032288
0.512000 100.330831
0.513000 98.641684
0.514000 96.964849
0.515000 95.301465
0.516000 93.651760
0.517000 92.016190
0.518000 90.395211
0.519000 88.789736
0.520000 87.199535
0.521000 85.625749
0.522000 84.068151
0.523000 82.527195
0.524000 81.003566
0.525000 79.497492
0.526000 78.008973
0.527000 76.538465
0.528000 75.086196
0.529000 73.652394
0.530000 72.237286
0.531000 70.841101
0.532000 69.463839
0.533000 68.105728
0.534000 66.766768
0.535000 65.447186
0.536000 64.146984
0.537000 62.866388
0.538000 61.605170
0.539000 60.363560
0.540000 59.141328
0.541000 57.938704
0.542000 56.755457
0.543000 55.591818
0.544000 54.447330
0.545000 53.322220
0.546000 52.216261
0.547000 51.129453
0.548000 50.061568
0.549000 49.012605
0.550000 47.982338
0.551000 46.970765
0.552000 45.977659
0.553000 45.002564
0.554000 44.045708
0.555000 43.106862
0.556000 42.185572
0.557000 41.282064
0.558000 40.395656
0.559000 39.526574
0.560000 38.674363
0.561000 37.838796
0.562000 37.019871
0.563000 36.217133
0.564000 35.430582
0.565000 34.659762
0.566000 33.904445
0.567000 33.164860
0.568000 32.440093
0.569000 31.730373
0.570000 31.035473
0.571000 30.354935
0.572000 29.688533
0.573000 29.036266
0.574000 28.397677
0.575000 27.772541
0.576000 27.160627
0.577000 26.561936
0.578000 25.976013
0.579000 25.402629
0.580000 24.841556
0.581000 24.292794
0.582000 23.755888
0.583000 23.230608
0.584000 22.716728
0.585000 22.214020
0.586000 21.722483
0.587000 21.241661
0.588000 20.771554
0.589000 20.311707
0.590000 19.862119
0.591000 19.422562
0.592000 18.992581
0.593000 18.572175
0.594000 18.161345
0.595000 17.759634
0.596000 17.366815
0.597000 16.982659
0.598000 16.607394
0.599000 16.240337
0.600000 15.881716
0.601000 15.531074
0.602000 15.188183
0.603000 14.853272
0.604000 14.525656
0.605000 14.205792
0.606000 13.892768
0.607000 13.587039
0.608000 13.288150
0.609000 12.996100
0.610000 12.710662
0.611000 12.431835
0.612000 12.159164
0.613000 11.892649
0.614000 11.632061
0.615000 11.377629
0.616000 11.128897
0.617000 10.885864
0.618000 10.648303
0.619000 10.415985
0.620000 10.189139
0.621000 9.967309
0.622000 9.750723
0.623000 9.538924
0.624000 9.331913
0.625000 9.129462
0.626000 8.931798
0.627000 8.738466
0.628000 8.549694
0.629000 8.365253
0.630000 8.184689
0.631000 8.008456
0.632000 7.836098
0.633000 7.667845
0.634000 7.503239
0.635000 7.342281
0.636000 7.184971
0.637000 7.031309
0.638000 6.881066
0.639000 6.734243
0.640000 6.590612
0.641000 6.450401
0.642000 6.313154
0.643000 6.179098
0.644000 6.048006
0.645000 5.920106
0.646000 5.794714
0.647000 5.672286
0.648000 5.552593
0.649000 5.435636
0.650000 5.321187
0.651000 5.209474
0.652000 5.100041
0.653000 4.993116
0.654000 4.888699
0.655000 4.786333
0.656000 4.686475
0.657000 4.588669
0.658000 4.493143
0.659000 4.399897
0.660000 4.308475
0.661000 4.219104
0.662000 4.131786
0.663000 4.046291
0.664000 3.962848
0.665000 3.881001
0.666000 3.801206
0.667000 3.723007
0.668000 3.646632
0.669000 3.571853
0.670000 3.498669
0.671000 3.427082
0.672000 3.357090
0.673000 3.288694
0.674000 3.221895
0.675000 3.156235
0.676000 3.092171
0.677000 3.029475
0.678000 2.968147
0.679000 2.908186
0.680000 2.849594
0.681000 2.792142
0.682000 2.736057
0.683000 2.680884
0.684000 2.627308
0.685000 2.574643
0.686000 2.523118
0.687000 2.472733
0.688000 2.423261
0.689000 2.375156
0.690000 2.327963
0.691000 2.281681
0.692000 2.236312
0.693000 2.192083
0.694000 2.148766
0.695000 2.106360
0.696000 2.064867
0.697000 2.024286
0.698000 1.984388
0.699000 1.945402
0.700000 1.907329
0.701000 1.869939
0.702000 1.833461
0.703000 1.797668
0.704000 1.762786
0.705000 1.728360
0.706000 1.694846
0.707000 1.662016
0.708000 1.629870
0.709000 1.598408
0.710000 1.567402
0.711000 1.537308
0.712000 1.507670
0.713000 1.478716
0.714000 1.450217
0.715000 1.422631
0.716000 1.395273
0.717000 1.368598
0.718000 1.342608
0.719000 1.317074
0.720000 1.291995
0.721000 1.267373
0.722000 1.243434
0.723000 1.219724
0.724000 1.196697
0.725000 1.174127
0.726000 1.152012
0.727000 1.130353
0.728000 1.109151
0.729000 1.088176
0.730000 1.067885
0.731000 1.047823
0.732000 1.028444
0.733000 1.009065
0.734000 0.990370
0.735000 0.971903
0.736000 0.953892
0.737000 0.936110
0.738000 0.918783
0.739000 0.901912
0.740000 0.885269
0.741000 0.868854
0.742000 0.852895
0.743000 0.837164
0.744000 0.821889
0.745000 0.806842
0.746000 0.792023
0.747000 0.777431
0.748000 0.763296
0.749000 0.749389
0.750000 0.735710
0.751000 0.722487
0.752000 0.709264
0.753000 0.696496
0.754000 0.683957
0.755000 0.671418
0.756000 0.659335
0.757000 0.647480
0.758000 0.635852
0.759000 0.624453
0.760000 0.613282
0.761000 0.602338
0.762000 0.591623
0.763000 0.580908
0.764000 0.570648
0.765000 0.560389
0.766000 0.550586
0.767000 0.540782
0.768000 0.531207
0.769000 0.521631
0.770000 0.512512
0.771000 0.503393
0.772000 0.494501
0.773000 0.485838
0.774000 0.477402
0.775000 0.468967
0.776000 0.460759
0.777000 0.452780
0.778000 0.444800
0.779000 0.437049
0.780000 0.429297
0.781000 0.422002
0.782000 0.414478
0.783000 0.407411
0.784000 0.400343
0.785000 0.393503
0.786000 0.386664
0.787000 0.380052
0.788000 0.373441
0.789000 0.367057
0.790000 0.360673
0.791000 0.354518
0.792000 0.348362
0.793000 0.342435
0.794000 0.336507
0.795000 0.330807
0.796000 0.325108
0.797000 0.319636
0.798000 0.314164
0.799000 0.308921
0.800000 0.303677
0.801000 0.298661
0.802000 0.293418
0.803000 0.288630
0.804000 0.283614
0.805000 0.278827
0.806000 0.274267
0.807000 0.269707
0.808000 0.265147
0.809000 0.260588
0.810000 0.256256
0.811000 0.252152
0.812000 0.247821
0.813000 0.243717
0.814000 0.239613
0.815000 0.235737
0.816000 0.231862
0.817000 0.227986
0.818000 0.224110
0.819000 0.220462
0.820000 0.216814
0.821000 0.213167
0.822000 0.209747
0.823000 0.206327
0.824000 0.202907
0.825000 0.199716
0.826000 0.196296
0.827000 0.193104
0.828000 0.189912
0.829000 0.186948
0.830000 0.183757
0.831000 0.180793
0.832000 0.178057
0.833000 0.175093
0.834000 0.172129
0.835000 0.169393
0.836000 0.166658
0.837000 0.163922
0.838000 0.161414
0.839000 0.158906
0.840000 0.156170
0.841000 0.153662
0.842000 0.151383
0.843000 0.148875
0.844000 0.146595
0.845000 0.144087
0.846000 0.141807
0.847000 0.139527
0.848000 0.137475
0.849000 0.135196
0.850000 0.133144
0.851000 0.130864
0.852000 0.128812
0.853000 0.126760
0.854000 0.124936
0.855000 0.122884
0.856000 0.121060
0.857000 0.119009
0.858000 0.117185
0.859000 0.115361
0.860000 0.113537
0.861000 0.111713
0.862000 0.110117
0.863000 0.108293
0.864000 0.106697
0.865000 0.105101
0.866000 0.103278
0.867000 0.101682
0.868000 0.100086
0.869000 0.098718
0.870000 0.097122
0.871000 0.095526
0.872000 0.094158
0.873000 0.092790
0.874000 0.091194
0.875000 0.089826
0.876000 0.088458
0.877000 0.087091
0.878000 0.085723
0.879000 0.084583
0.880000 0.083215
0.881000 0.081847
0.882000 0.080707
0.883000 0.079567
0.884000 0.078199
0.885000 0.077059
0.886000 0.075919
0.887000 0.074779
0.888000 0.073639
0.889000 0.072499
0.890000 0.071360
0.891000 0.070448
0.892000 0.069308
0.893000 0.068168
0.894000 0.067256
0.895000 0.066344
0.896000 0.065204
0.897000 0.064292
0.898000 0.063380
0.899000 0.062468
0.900000 0.061556
0.901000 0.060644
0.902000 0.059732
0.903000 0.058820
0.904000 0.057908
0.905000 0.056996
0.906000 0.056312
0.907000 0.055401
0.908000 0.054489
0.909000 0.053805
0.910000 0.052893
0.911000 0.052209
0.912000 0.051525
0.913000 0.050613
0.914000 0.049929
0.915000 0.049245
0.916000 0.048561
0.917000 0.047877
0.918000 0.047193
0.919000 0.046509
0.920000 0.045825
0.921000 0.045141
0.922000 0.044457
0.923000 0.043773
0.924000 0.043089
0.925000 0.042633
0.926000 0.041949
0.927000 0.041265
0.928000 0.040809
0.929000 0.040125
0.930000 0.039442
0.931000 0.038986
0.932000 0.038530
0.933000 0.037846
0.934000 0.037390
0.935000 0.036706
0.936000 0.036250
0.937000 0.035794
0.938000 0.035338
0.939000 0.034654
0.940000 0.034198
0.941000 0.033742
0.942000 0.033286
0.943000 0.032830
0.944000 0.032374
0.945000 0.031918
0.946000 0.031462
0.947000 0.031006
0.948000 0.030550
0.949000 0.030094
0.950000 0.029638
0.951000 0.029410
0.952000 0.028954
0.953000 0.028498
0.954000 0.028042
0.955000 0.027814
0.956000 0.027358
0.957000 0.026902
0.958000 0.026674
0.959000 0.026218
0.960000 0.025762
0.961000 0.025534
0.962000 0.025078
0.963000 0.024850
0.964000 0.024394
0.965000 0.024166
0.966000 0.023711
0.967000 0.023483
0.968000 0.023027
0.969000 0.022799
0.970000 0.022571
0.971000 0.022115
0.972000 0.021887
0.973000 0.021659
0.974000 0.021203
0.975000 0.020975
0.976000 0.020747
0.977000 0.020519
0.978000 0.020063
0.979000 0.019835
0.980000 0.019607
0.981000 0.019379
0.982000 0.019151
0.983000 0.018923
0.984000 0.018695
0.985000 0.018239
0.986000 0.018011
0.987000 0.017783
0.988000 0.017555
0.989000 0.017327
0.990000 0.017099
0.991000 0.016871
0.992000 0.016643
0.993000 0.016415
0.994000 0.016187
0.995000 0.015959
0.996000 0.015731
0.997000 0.015503
0.998000 0.015503
0.999000 0.015275
1.000000 0.015047
1.001000 0.014819
1.002000 0.014591
1.003000 0.014363
1.004000 0.014135
1.005000 0.014135
1.006000 0.013907
1.007000 0.013679
1.008000 0.013451
1.009000 0.013223
1.010000 0.013223
1.011000 0.012995
1.012000 0.012767
1.013000 0.012539
1.014000 0.012539
1.015000 0.012311
1.016000 0.012083
1.017000 0.012083
1.018000 0.011855
1.019000 0.011627
1.020000 0.011627
1.021000 0.011399
1.022000 0.011171
1.023000 0.011171
1.024000 0.010943
1.025000 0.010715
1.026000 0.010715
1.027000 0.010487
1.028000 0.010487
1.029000 0.010259
1.030000 0.010031
1.031000 0.010031
1.032000 0.009803
1.033000 0.009803
1.034000 0.009575
1.035000 0.009575
1.036000 0.009347
1.037000 0.009347
1.038000 0.009119
1.039000 0.009119
1.040000 0.008891
1.041000 0.008891
1.042000 0.008663
1.043000 0.008663
1.044000 0.008435
1.045000 0.008435
1.046000 0.008207
1.047000 0.008207
1.048000 0.007980
1.049000 0.007980
1.050000 0.007752
1.051000 0.007752
1.052000 0.007752
1.053000 0.007524
1.054000 0.007524
1.055000 0.007296
1.056000 0.007296
1.057000 0.007296
1.058000 0.007068
1.059000 0.007068
1.060000 0.006840
1.061000 0.006840
1.062000 0.006840
1.063000 0.006612
1.064000 0.006612
1.065000 0.006612
1.066000 0.006384
1.067000 0.006384
1.068000 0.006156
1.069000 0.006156
1.070000 0.006156
1.071000 0.005928
1.072000 0.005928
1.073000 0.005928
1.074000 0.005928
1.075000 0.005700
1.076000 0.005700
1.077000 0.005700
1.078000 0.005472
1.079000 0.005472
1.080000 0.005472
1.081000 0.005244
1.082000 0.005244
1.083000 0.005244
1.084000 0.005244
1.085000 0.005016
1.086000 0.005016
1.087000 0.005016
1.088000 0.005016
1.089000 0.004788
1.090000 0.004788
1.091000 0.004788
1.092000 0.004560
1.093000 0.004560
1.094000 0.004560
1.095000 0.004560
1.096000 0.004560
1.097000 0.004332
1.098000 0.004332
1.099000 0.004332
