1100 64
0.000000 0.000000
0.001000 0.000000
0.002000 0.000000
0.003000 0.000000
0.004000 0.000000
0.005000 0.000000
0.006000 0.000000
0.007000 0.000000
0.008000 0.000000
0.009000 0.000000
0.010000 0.000000
0.011000 0.000000
0.012000 0.000000
0.013000 0.000000
0.014000 0.000000
0.015000 0.000000
0.016000 0.000000
0.017000 0.000000
0.018000 0.000000
0.019000 0.000000
0.020000 0.000000
0.021000 0.000000
0.022000 0.000000
0.023000 0.000000
0.024000 0.000000
0.025000 0.000000
0.026000 0.000000
0.027000 0.000000
0.028000 0.000000
0.029000 0.000000
0.030000 0.000000
0.031000 0.000000
0.032000 0.000000
0.033000 0.000000
0.034000 0.000000
0.035000 0.000000
0.036000 0.000000
0.037000 0.000000
0.038000 0.000000
0.039000 0.000000
0.040000 0.000000
0.041000 0.000000
0.042000 0.000000
0.043000 0.000000
0.044000 0.000000
0.045000 0.000000
0.046000 0.000000
0.047000 0.000000
0.048000 0.000000
0.049000 0.000000
0.050000 0.000000
0.051000 0.000000
0.052000 0.000000
0.053000 0.000000
0.054000 0.000000
0.055000 0.000000
0.056000 0.000000
0.057000 0.000000
0.058000 0.000000
0.059000 0.000000
0.060000 0.000000
0.061000 0.000000
0.062000 0.000000
0.063000 0.000000
0.064000 0.000000
0.065000 0.000000
0.066000 0.000000
0.067000 0.000000
0.068000 0.000000
0.069000 0.000000
0.070000 0.000000
0.071000 0.000000
0.072000 0.000000
0.073000 0.000000
0.074000 0.000000
0.075000 0.000000
0.076000 0.000000
0.077000 0.000000
0.078000 0.000000
0.079000 0.000000
0.080000 0.000000
0.081000 0.000000
0.082000 0.000000
0.083000 0.000000
0.084000 0.000000
0.085000 0.000000
0.086000 0.000000
0.087000 0.000000
0.088000 0.000000
0.089000 0.000000
0.090000 0.000000
0.091000 0.000000
0.092000 0.000000
0.093000 0.000000
0.094000 0.000000
0.095000 0.000000
0.096000 0.000000
0.097000 0.000000
0.098000 0.000000
0.099000 0.000000
0.100000 0.000000
0.101000 0.022233
0.102000 0.088933
0.103000 0.199939
0.104000 0.355250
0.105000 0.554383
0.106000 0.797339
0.107000 1.083472
0.108000 1.412622
0.109000 1.784144
0.110000 2.197556
0.111000 2.652211
0.112000 3.147467
0.113000 3.682839
0.114000 4.257361
0.115000 4.870228
0.116000 5.520633
0.117000 6.207772
0.118000 6.930678
0.119000 7.688383
0.120000 8.479761
0.121000 9.304167
0.122000 10.160150
0.123000 11.046906
0.124000 11.963144
0.125000 12.908061
0.126000 13.880206
0.127000 14.878611
0.128000 15.901989
0.129000 16.949372
0.130000 18.019633
0.131000 19.111322
0.132000 20.223633
0.133000 21.355278
0.134000 22.504967
0.135000 23.671894
0.136000 24.854611
0.137000 26.052150
0.138000 27.263544
0.139000 28.487506
0.140000 29.723067
0.141000 30.969100
0.142000 32.224800
0.143000 33.489039
0.144000 34.760850
0.145000 36.039267
0.146000 37.323322
0.147000 38.612211
0.148000 39.904967
0.149000 41.200944
0.150000 42.499017
0.151000 43.798700
0.152000 45.099028
0.153000 46.399356
0.154000 47.698878
0.155000 48.997111
0.156000 50.293250
0.157000 51.586650
0.158000 52.876828
0.159000 54.162978
0.160000 55.444939
0.161000 56.721906
0.162000 57.993394
0.163000 59.259083
0.164000 60.518489
0.165000 61.770967
0.166000 63.016517
0.167000 64.254494
0.168000 65.484578
0.169000 66.706606
0.170000 67.920094
0.171000 69.124722
0.172000 70.320328
0.173000 71.506750
0.174000 72.683667
0.175000 73.850756
0.176000 75.008017
0.177000 76.155289
0.178000 77.292250
0.179000 78.418739
0.180000 79.534756
0.181000 80.640139
0.182000 81.734889
0.183000 82.818683
0.184000 83.891683
0.185000 84.953728
0.186000 86.004817
0.187000 87.044628
0.188000 88.073644
0.189000 89.091383
0.190000 90.098006
0.191000 91.093511
0.192000 92.077900
0.193000 93.051172
0.194000 94.013489
0.195000 94.964528
0.196000 95.904772
0.197000 96.833900
0.198000 97.752072
0.199000 98.659289
0.200000 99.555872
0.201000 100.441500
0.202000 101.316494
0.203000 102.180694
0.204000 103.034422
0.205000 103.877678
0.206000 104.710461
0.207000 105.532933
0.208000 106.345094
0.209000 107.147267
0.210000 107.939128
0.211000 108.721161
0.212000 109.493206
0.213000 110.255583
0.214000 111.008133
0.215000 111.751017
0.216000 112.484556
0.217000 113.208589
0.218000 113.923278
0.219000 114.628944
0.220000 115.325428
0.221000 116.012889
0.222000 116.691489
0.223000 117.361228
0.224000 118.022267
0.225000 118.674767
0.226000 119.318889
0.227000 119.954472
0.228000 120.582000
0.229000 121.201150
0.230000 121.812406
0.231000 122.415606
0.232000 123.010911
0.233000 123.598483
0.234000 124.178483
0.235000 124.750750
0.236000 125.315767
0.237000 125.873372
0.238000 126.423567
0.239000 126.966833
0.240000 127.502850
0.241000 128.031939
0.242000 128.554261
0.243000 129.069817
0.244000 129.578606
0.245000 130.080789
0.246000 130.576367
0.247000 131.065661
0.248000 131.548672
0.249000 132.025400
0.250000 132.496006
0.251000 132.960489
0.252000 133.419172
0.253000 133.871733
0.254000 134.318656
0.255000 134.759778
0.256000 135.195261
0.257000 135.625267
0.258000 136.049794
0.259000 136.468844
0.260000 136.882578
0.261000 137.290994
0.262000 137.694256
0.263000 138.092522
0.264000 138.485633
0.265000 138.873750
0.266000 139.257033
0.267000 139.635644
0.268000 140.009261
0.269000 140.378367
0.270000 140.742800
0.271000 141.102722
0.272000 141.458133
0.273000 141.809033
0.274000 142.155583
0.275000 142.497944
0.276000 142.835956
0.277000 143.169778
0.278000 143.499572
0.279000 143.825178
0.280000 144.146917
0.281000 144.464628
0.282000 144.778311
0.283000 145.088289
0.284000 145.394400
0.285000 145.696806
0.286000 145.995506
0.287000 146.290500
0.288000 146.581950
0.289000 146.869856
0.290000 147.154217
0.291000 147.435194
0.292000 147.712628
0.293000 147.986839
0.294000 148.257506
0.295000 148.525111
0.296000 148.789333
0.297000 149.050333
0.298000 149.308272
0.299000 149.562989
0.300000 149.814644
0.301000 150.063078
0.302000 150.308611
0.303000 150.551244
0.304000 150.790817
0.305000 151.027489
0.306000 151.261261
0.307000 151.492133
0.308000 151.720106
0.309000 151.945339
0.310000 152.167833
0.311000 152.387589
0.312000 152.604444
0.313000 152.818722
0.314000 153.030261
0.315000 153.239222
0.316000 153.445444
0.317000 153.649089
0.318000 153.850156
0.319000 154.048483
0.320000 154.244394
0.321000 154.437728
0.322000 154.628483
0.323000 154.816661
0.324000 155.002422
0.325000 155.185606
0.326000 155.366372
0.327000 155.544561
0.328000 155.720333
0.329000 155.893689
0.330000 156.064467
0.331000 156.232828
0.332000 156.398772
0.333000 156.562139
0.334000 156.723089
0.335000 156.881622
0.336000 157.037578
0.337000 157.191117
0.338000 157.342239
0.339000 157.490783
0.340000 157.636911
0.341000 157.780461
0.342000 157.921594
0.343000 158.060150
0.344000 158.196128
0.345000 158.329528
0.346000 158.460350
0.347000 158.588433
0.348000 158.714100
0.349000 158.837028
0.350000 158.957217
0.351000 159.074828
0.352000 159.189539
0.353000 159.301511
0.354000 159.410744
0.355000 159.517078
0.356000 159.620511
0.357000 159.721044
0.358000 159.818678
0.359000 159.913250
0.360000 160.004761
0.361000 160.093050
0.362000 160.178278
0.363000 160.260283
0.364000 160.338906
0.365000 160.414144
0.366000 160.486161
0.367000 160.554633
0.368000 160.619561
0.369000 160.680783
0.370000 160.738300
0.371000 160.792272
0.372000 160.842217
0.373000 160.888133
0.374000 160.930183
0.375000 160.968044
0.376000 161.001717
0.377000 161.031200
0.378000 161.056172
0.379000 161.076633
0.380000 161.092422
0.381000 161.103539
0.382000 161.109822
0.383000 161.111111
0.384000 161.107406
0.385000 161.098383
0.386000 161.084044
0.387000 161.064228
0.388000 161.038772
0.389000 161.007678
0.390000 160.970622
0.391000 160.927606
0.392000 160.878306
0.393000 160.822561
0.394000 160.760533
0.395000 160.691739
0.396000 160.616017
0.397000 160.533367
0.398000 160.443467
0.399000 160.346317
0.400000 160.241594
0.401000 160.129139
0.402000 160.008628
0.403000 159.880061
0.404000 159.743278
0.405000 159.597956
0.406000 159.443772
0.407000 159.280728
0.408000 159.108661
0.409000 158.927089
0.410000 158.736011
0.411000 158.535106
0.412000 158.324372
0.413000 158.103167
0.414000 157.871650
0.415000 157.629339
0.416000 157.376233
0.417000 157.111850
0.418000 156.836189
0.419000 156.548767
0.420000 156.249744
0.421000 155.938478
0.422000 155.614806
0.423000 155.278728
0.424000 154.929761
0.425000 154.567906
0.426000 154.192678
0.427000 153.803917
0.428000 153.401622
0.429000 152.985311
0.430000 152.554822
0.431000 152.109994
0.432000 151.650506
0.433000 151.176356
0.434000 150.687061
0.435000 150.182783
0.436000 149.662878
0.437000 149.127667
0.438000 148.576506
0.439000 148.009556
0.440000 147.426333
0.441000 146.827161
0.442000 146.211394
0.443000 145.579194
0.444000 144.930400
0.445000 144.265011
0.446000 143.582706
0.447000 142.883483
0.448000 142.167344
0.449000 141.434128
0.450000 140.683833
0.451000 139.916461
0.452000 139.132011
0.453000 138.330644
0.454000 137.512039
0.455000 136.676356
0.456000 135.823917
0.457000 134.954400
0.458000 134.068289
0.459000 133.165422
0.460000 132.246122
0.461000 131.310228
0.462000 130.358383
0.463000 129.390428
0.464000 128.406522
0.465000 127.407311
0.466000 126.392633
0.467000 125.362972
0.468000 124.318650
0.469000 123.259828
0.470000 122.186828
0.471000 121.100294
0.472000 120.000228
0.473000 118.887272
0.474000 117.761750
0.475000 116.623983
0.476000 115.474617
0.477000 114.313972
0.478000 113.142533
0.479000 111.960944
0.480000 110.769528
0.481000 109.568767
0.482000 108.359467
0.483000 107.141950
0.484000 105.916700
0.485000 104.684522
0.486000 103.445739
0.487000 102.201156
0.488000 100.951256
0.489000 99.696683
0.490000 98.437922
0.491000 97.175617
0.492000 95.910411
0.493000 94.642950
0.494000 93.373878
0.495000 92.103517
0.496000 90.832672
0.497000 89.561989
0.498000 88.292111
0.499000 87.023361
0.500000 85.756544
0.501000 84.492144
0.502000 83.230806
0.503000 81.973011
0.504000 80.719406
0.505000 79.470472
0.506000 78.226694
0.507000 76.988556
0.508000 75.756700
0.509000 74.531611
0.510000 73.313611
0.511000 72.103344
0.512000 70.900972
0.513000 69.707300
0.514000 68.522328
0.515000 67.346861
0.516000 66.181061
0.517000 65.025250
0.518000 63.879750
0.519000 62.745206
0.520000 61.621456
0.521000 60.509306
0.522000 59.408594
0.523000 58.319644
0.524000 57.242939
0.525000 56.178639
0.526000 55.126744
0.527000 54.087578
0.528000 53.061300
0.529000 52.048072
0.530000 51.048056
0.531000 50.061411
0.532000 49.088139
0.533000 48.128400
0.534000 47.182194
0.535000 46.249683
0.536000 45.330867
0.537000 44.425906
0.538000 43.534639
0.539000 42.657228
0.540000 41.793511
0.541000 40.943650
0.542000 40.107483
0.543000 39.285172
0.544000 38.476394
0.545000 37.681311
0.546000 36.899761
0.547000 36.131744
0.548000 35.377100
0.549000 34.635828
0.550000 33.907767
0.551000 33.192917
0.552000 32.491117
0.553000 31.802044
0.554000 31.125861
0.555000 30.462406
0.556000 29.811356
0.557000 29.172872
0.558000 28.546472
0.559000 27.932317
0.560000 27.330083
0.561000 26.739611
0.562000 26.160900
0.563000 25.593628
0.564000 25.037794
0.565000 24.493078
0.566000 23.959317
0.567000 23.436672
0.568000 22.924500
0.569000 22.422961
0.570000 21.931894
0.571000 21.450978
0.572000 20.980050
0.573000 20.519111
0.574000 20.067839
0.575000 19.626072
0.576000 19.193650
0.577000 18.770572
0.578000 18.356517
0.579000 17.951322
0.580000 17.554828
0.581000 17.167033
0.582000 16.787617
0.583000 16.416417
0.584000 16.053272
0.585000 15.698022
0.586000 15.350667
0.587000 15.010883
0.588000 14.678672
0.589000 14.353711
0.590000 14.036000
0.591000 13.725378
0.592000 13.421522
0.593000 13.124433
0.594000 12.834111
0.595000 12.550233
0.596000 12.272639
0.597000 12.001167
0.598000 11.735978
0.599000 11.476589
0.600000 11.223161
0.601000 10.975372
0.602000 10.733061
0.603000 10.496389
0.604000 10.264872
0.605000 10.038833
0.606000 9.817628
0.607000 9.601578
0.608000 9.390361
0.609000 9.183978
0.610000 8.982267
0.611000 8.785228
0.612000 8.592539
0.613000 8.404200
0.614000 8.220050
0.615000 8.040250
0.616000 7.864478
0.617000 7.692733
0.618000 7.524856
0.619000 7.360683
0.620000 7.200378
0.621000 7.043617
0.622000 6.890561
0.623000 6.740889
0.624000 6.594600
0.625000 6.451533
0.626000 6.311850
0.627000 6.175228
0.628000 6.041828
0.629000 5.911489
0.630000 5.783889
0.631000 5.659350
0.632000 5.537550
0.633000 5.418650
0.634000 5.302328
0.635000 5.188583
0.636000 5.077417
0.637000 4.968828
0.638000 4.862656
0.639000 4.758900
0.640000 4.657400
0.641000 4.558317
0.642000 4.461328
0.643000 4.366594
0.644000 4.273956
0.645000 4.183572
0.646000 4.094961
0.647000 4.008444
0.648000 3.923861
0.649000 3.841211
0.650000 3.760333
0.651000 3.681389
0.652000 3.604056
0.653000 3.528494
0.654000 3.454706
0.655000 3.382367
0.656000 3.311800
0.657000 3.242683
0.658000 3.175178
0.659000 3.109283
0.660000 3.044678
0.661000 2.981522
0.662000 2.919817
0.663000 2.859400
0.664000 2.800433
0.665000 2.742594
0.666000 2.686206
0.667000 2.630944
0.668000 2.576972
0.669000 2.524128
0.670000 2.472411
0.671000 2.421822
0.672000 2.372361
0.673000 2.324028
0.674000 2.276822
0.675000 2.230422
0.676000 2.185150
0.677000 2.140844
0.678000 2.097506
0.679000 2.055133
0.680000 2.013728
0.681000 1.973128
0.682000 1.933494
0.683000 1.894506
0.684000 1.856644
0.685000 1.819428
0.686000 1.783017
0.687000 1.747411
0.688000 1.712450
0.689000 1.678456
0.690000 1.645106
0.691000 1.612400
0.692000 1.580339
0.693000 1.549083
0.694000 1.518472
0.695000 1.488506
0.696000 1.459183
0.697000 1.430506
0.698000 1.402311
0.699000 1.374761
0.700000 1.347856
0.701000 1.321433
0.702000 1.295656
0.703000 1.270361
0.704000 1.245711
0.705000 1.221383
0.706000 1.197700
0.707000 1.174500
0.708000 1.151783
0.709000 1.129550
0.710000 1.107639
0.711000 1.086372
0.712000 1.065428
0.713000 1.044967
0.714000 1.024828
0.715000 1.005333
0.716000 0.986000
0.717000 0.967150
0.718000 0.948783
0.719000 0.930739
0.720000 0.913017
0.721000 0.895617
0.722000 0.878700
0.723000 0.861944
0.724000 0.845672
0.725000 0.829722
0.726000 0.814094
0.727000 0.798789
0.728000 0.783806
0.729000 0.768983
0.730000 0.754644
0.731000 0.740467
0.732000 0.726772
0.733000 0.713078
0.734000 0.699867
0.735000 0.686817
0.736000 0.674089
0.737000 0.661522
0.738000 0.649278
0.739000 0.637356
0.740000 0.625594
0.741000 0.613994
0.742000 0.602717
0.743000 0.591600
0.744000 0.580806
0.745000 0.570172
0.746000 0.559700
0.747000 0.549389
0.748000 0.539400
0.749000 0.529572
0.750000 0.519906
0.751000 0.510561
0.752000 0.501217
0.753000 0.492194
0.754000 0.483333
0.755000 0.474472
0.756000 0.465933
0.757000 0.457556
0.758000 0.449339
0.759000 0.441283
0.760000 0.433389
0.761000 0.425656
0.762000 0.418083
0.763000 0.410511
0.764000 0.403261
0.765000 0.396011
0.766000 0.389083
0.767000 0.382156
0.768000 0.375389
0.769000 0.368622
0.770000 0.362178
0.771000 0.355733
0.772000 0.349450
0.773000 0.343328
0.774000 0.337367
0.775000 0.331406
0.776000 0.325606
0.777000 0.319967
0.778000 0.314328
0.779000 0.308850
0.780000 0.303372
0.781000 0.298217
0.782000 0.292900
0.783000 0.287906
0.784000 0.282911
0.785000 0.278078
0.786000 0.273244
0.787000 0.268572
0.788000 0.263900
0.789000 0.259389
0.790000 0.254878
0.791000 0.250528
0.792000 0.246178
0.793000 0.241989
0.794000 0.237800
0.795000 0.233772
0.796000 0.229744
0.797000 0.225878
0.798000 0.222011
0.799000 0.218306
0.800000 0.214600
0.801000 0.211056
0.802000 0.207350
0.803000 0.203967
0.804000 0.200422
0.805000 0.197039
0.806000 0.193817
0.807000 0.190594
0.808000 0.187372
0.809000 0.184150
0.810000 0.181089
0.811000 0.178189
0.812000 0.175128
0.813000 0.172228
0.814000 0.169328
0.815000 0.166589
0.816000 0.163850
0.817000 0.161111
0.818000 0.158372
0.819000 0.155794
0.820000 0.153217
0.821000 0.150639
0.822000 0.148222
0.823000 0.145806
0.824000 0.143389
0.825000 0.141133
0.826000 0.138717
0.827000 0.136461
0.828000 0.134206
0.829000 0.132111
0.830000 0.129856
0.831000 0.127761
0.832000 0.125828
0.833000 0.123733
0.834000 0.121639
0.835000 0.119706
0.836000 0.117772
0.837000 0.115839
0.838000 0.114067
0.839000 0.112294
0.840000 0.110361
0.841000 0.108589
0.842000 0.106978
0.843000 0.105206
0.844000 0.103594
0.845000 0.101822
0.846000 0.100211
0.847000 0.098600
0.848000 0.097150
0.849000 0.095539
0.850000 0.094089
0.851000 0.092478
0.852000 0.091028
0.853000 0.089578
0.854000 0.088289
0.855000 0.086839
0.856000 0.085550
0.857000 0.084100
0.858000 0.082811
0.859000 0.081522
0.860000 0.080233
0.861000 0.078944
0.862000 0.077817
0.863000 0.076528
0.864000 0.075400
0.865000 0.074272
0.866000 0.072983
0.867000 0.071856
0.868000 0.070728
0.869000 0.069761
0.870000 0.068633
0.871000 0.067506
0.872000 0.066539
0.873000 0.065572
0.874000 0.064444
0.875000 0.063478
0.876000 0.062511
0.877000 0.061544
0.878000 0.060578
0.879000 0.059772
0.880000 0.058806
0.881000 0.057839
0.882000 0.057033
0.883000 0.056228
0.884000 0.055261
0.885000 0.054456
0.886000 0.053650
0.887000 0.052844
0.888000 0.052039
0.889000 0.051233
0.890000 0.050428
0.891000 0.049783
0.892000 0.048978
0.893000 0.048172
0.894000 0.047528
0.895000 0.046883
0.896000 0.046078
0.897000 0.045433
0.898000 0.044789
0.899000 0.044144
0.900000 0.043500
0.901000 0.042856
0.902000 0.042211
0.903000 0.041567
0.904000 0.040922
0.905000 0.040278
0.906000 0.039794
0.907000 0.039150
0.908000 0.038506
0.909000 0.038022
0.910000 0.037378
0.911000 0.036894
0.912000 0.036411
0.913000 0.035767
0.914000 0.035283
0.915000 0.034800
0.916000 0.034317
0.917000 0.033833
0.918000 0.033350
0.919000 0.032867
0.920000 0.032383
0.921000 0.031900
0.922000 0.031417
0.923000 0.030933
0.924000 0.030450
0.925000 0.030128
0.926000 0.029644
0.927000 0.029161
0.928000 0.028839
0.929000 0.028356
0.930000 0.027872
0.931000 0.027550
0.932000 0.027228
0.933000 0.026744
0.934000 0.026422
0.935000 0.025939
0.936000 0.025617
0.937000 0.025294
0.938000 0.024972
0.939000 0.024489
0.940000 0.024167
0.941000 0.023844
0.942000 0.023522
0.943000 0.023200
0.944000 0.022878
0.945000 0.022556
0.946000 0.022233
0.947000 0.021911
0.948000 0.021589
0.949000 0.021267
0.950000 0.020944
0.951000 0.020783
0.952000 0.020461
0.953000 0.020139
0.954000 0.019817
0.955000 0.019656
0.956000 0.019333
0.957000 0.019011
0.958000 0.018850
0.959000 0.018528
0.960000 0.018206
0.961000 0.018044
0.962000 0.017722
0.963000 0.017561
0.964000 0.017239
0.965000 0.017078
0.966000 0.016756
0.967000 0.016594
0.968000 0.016272
0.969000 0.016111
0.970000 0.015950
0.971000 0.015628
0.972000 0.015467
0.973000 0.015306
0.974000 0.014983
0.975000 0.014822
0.976000 0.014661
0.977000 0.014500
0.978000 0.014178
0.979000 0.014017
0.980000 0.013856
0.981000 0.013694
0.982000 0.013533
0.983000 0.013372
0.984000 0.013211
0.985000 0.012889
0.986000 0.012728
0.987000 0.012567
0.988000 0.012406
0.989000 0.012244
0.990000 0.012083
0.991000 0.011922
0.992000 0.011761
0.993000 0.011600
0.994000 0.011439
0.995000 0.011278
0.996000 0.011117
0.997000 0.010956
0.998000 0.010956
0.999000 0.010794
1.000000 0.010633
1.001000 0.010472
1.002000 0.010311
1.003000 0.010150
1.004000 0.009989
1.005000 0.009989
1.006000 0.009828
1.007000 0.009667
1.008000 0.009506
1.009000 0.009344
1.010000 0.009344
1.011000 0.009183
1.012000 0.009022
1.013000 0.008861
1.014000 0.008861
1.015000 0.008700
1.016000 0.008539
1.017000 0.008539
1.018000 0.008378
1.019000 0.008217
1.020000 0.008217
1.021000 0.008056
1.022000 0.007894
1.023000 0.007894
1.024000 0.007733
1.025000 0.007572
1.026000 0.007572
1.027000 0.007411
1.028000 0.007411
1.029000 0.007250
1.030000 0.007089
1.031000 0.007089
1.032000 0.006928
1.033000 0.006928
1.034000 0.006767
1.035000 0.006767
1.036000 0.006606
1.037000 0.006606
1.038000 0.006444
1.039000 0.006444
1.040000 0.006283
1.041000 0.006283
1.042000 0.006122
1.043000 0.006122
1.044000 0.005961
1.045000 0.005961
1.046000 0.005800
1.047000 0.005800
1.048000 0.005639
1.049000 0.005639
1.050000 0.005478
1.051000 0.005478
1.052000 0.005478
1.053000 0.005317
1.054000 0.005317
1.055000 0.005156
1.056000 0.005156
1.057000 0.005156
1.058000 0.004994
1.059000 0.004994
1.060000 0.004833
1.061000 0.004833
1.062000 0.004833
1.063000 0.004672
1.064000 0.004672
1.065000 0.004672
1.066000 0.004511
1.067000 0.004511
1.068000 0.004350
1.069000 0.004350
1.070000 0.004350
1.071000 0.004189
1.072000 0.004189
1.073000 0.004189
1.074000 0.004189
1.075000 0.004028
1.076000 0.004028
1.077000 0.004028
1.078000 0.003867
1.079000 0.003867
1.080000 0.003867
1.081000 0.003706
1.082000 0.003706
1.083000 0.003706
1.084000 0.003706
1.085000 0.003544
1.086000 0.003544
1.087000 0.003544
1.088000 0.003544
1.089000 0.003383
1.090000 0.003383
1.091000 0.003383
1.092000 0.003222
1.093000 0.003222
1.094000 0.003222
1.095000 0.003222
1.096000 0.003222
1.097000 0.003061
1.098000 0.003061
1.099000 0.003061
