1100 64
0.000000 0.000000
0.001000 0.000000
0.002000 0.000000
0.003000 0.000000
0.004000 0.000000
0.005000 0.000000
0.006000 0.000000
0.007000 0.000000
0.008000 0.000000
0.009000 0.000000
0.010000 0.000000
0.011000 0.000000
0.012000 0.000000
0.013000 0.000000
0.014000 0.000000
0.015000 0.000000
0.016000 0.000000
0.017000 0.000000
0.018000 0.000000
0.019000 0.000000
0.020000 0.000000
0.021000 0.000000
0.022000 0.000000
0.023000 0.000000
0.024000 0.000000
0.025000 0.000000
0.026000 0.000000
0.027000 0.000000
0.028000 0.000000
0.029000 0.000000
0.030000 0.000000
0.031000 0.000000
0.032000 0.000000
0.033000 0.000000
0.034000 0.000000
0.035000 0.000000
0.036000 0.000000
0.037000 0.000000
0.038000 0.000000
0.039000 0.000000
0.040000 0.000000
0.041000 0.000000
0.042000 0.000000
0.043000 0.000000
0.044000 0.000000
0.045000 0.000000
0.046000 0.000000
0.047000 0.000000
0.048000 0.000000
0.049000 0.000000
0.050000 0.000000
0.051000 0.000000
0.052000 0.000000
0.053000 0.000000
0.054000 0.000000
0.055000 0.000000
0.056000 0.000000
0.057000 0.000000
0.058000 0.000000
0.059000 0.000000
0.060000 0.000000
0.061000 0.000000
0.062000 0.000000
0.063000 0.000000
0.064000 0.000000
0.065000 0.000000
0.066000 0.000000
0.067000 0.000000
0.068000 0.000000
0.069000 0.000000
0.070000 0.000000
0.071000 0.000000
0.072000 0.000000
0.073000 0.000000
0.074000 0.000000
0.075000 0.000000
0.076000 0.000000
0.077000 0.000000
0.078000 0.000000
0.079000 0.000000
0.080000 0.000000
0.081000 0.000000
0.082000 0.000000
0.083000 0.000000
0.084000 0.000000
0.085000 0.000000
0.086000 0.000000
0.087000 0.000000
0.088000 0.000000
0.089000 0.000000
0.090000 0.000000
0.091000 0.000000
0.092000 0.000000
0.093000 0.000000
0.094000 0.000000
0.095000 0.000000
0.096000 0.000000
0.097000 0.000000
0.098000 0.000000
0.099000 0.000000
0.100000 0.000000
0.101000 0.033733
0.102000 0.134933
0.103000 0.303356
0.104000 0.539000
0.105000 0.841133
0.106000 1.209756
0.107000 1.643889
0.108000 2.143289
0.109000 2.706978
0.110000 3.334222
0.111000 4.024044
0.112000 4.775467
0.113000 5.587756
0.114000 6.459444
0.115000 7.389311
0.116000 8.376133
0.117000 9.418689
0.118000 10.515511
0.119000 11.665133
0.120000 12.865844
0.121000 14.116667
0.122000 15.415400
0.123000 16.760822
0.124000 18.150978
0.125000 19.584644
0.126000 21.059622
0.127000 22.574444
0.128000 24.127156
0.129000 25.716289
0.130000 27.340133
0.131000 28.996489
0.132000 30.684133
0.133000 32.401111
0.134000 34.145467
0.135000 35.915978
0.136000 37.710444
0.137000 39.527400
0.138000 41.365378
0.139000 43.222422
0.140000 45.097067
0.141000 46.987600
0.142000 48.892800
0.143000 50.810956
0.144000 52.740600
0.145000 54.680267
0.146000 56.628489
0.147000 58.584044
0.148000 60.545467
0.149000 62.511778
0.150000 64.481267
0.151000 66.453200
0.152000 68.426111
0.153000 70.399022
0.154000 72.370711
0.155000 74.340444
0.156000 76.307000
0.157000 78.269400
0.158000 80.226911
0.159000 82.178311
0.160000 84.123356
0.161000 86.060822
0.162000 87.989978
0.163000 89.910333
0.164000 91.821156
0.165000 93.721467
0.166000 95.611267
0.167000 97.489578
0.168000 99.355911
0.169000 101.210022
0.170000 103.051178
0.171000 104.878889
0.172000 106.692911
0.173000 108.493000
0.174000 110.278667
0.175000 112.049422
0.176000 113.805267
0.177000 115.545956
0.178000 117.271000
0.179000 118.980156
0.180000 120.673422
0.181000 122.350556
0.182000 124.011556
0.183000 125.655933
0.184000 127.283933
0.185000 128.895311
0.186000 130.490067
0.187000 132.067711
0.188000 133.628978
0.189000 135.173133
0.190000 136.700422
0.191000 138.210844
0.192000 139.704400
0.193000 141.181089
0.194000 142.641156
0.195000 144.084111
0.196000 145.510689
0.197000 146.920400
0.198000 148.313489
0.199000 149.689956
0.200000 151.050289
0.201000 152.394000
0.202000 153.721578
0.203000 155.032778
0.204000 156.328089
0.205000 157.607511
0.206000 158.871044
0.207000 160.118933
0.208000 161.351178
0.209000 162.568267
0.210000 163.769711
0.211000 164.956244
0.212000 166.127622
0.213000 167.284333
0.214000 168.426133
0.215000 169.553267
0.216000 170.666222
0.217000 171.764756
0.218000 172.849111
0.219000 173.919778
0.220000 174.976511
0.221000 176.019556
0.222000 177.049156
0.223000 178.065311
0.224000 179.068267
0.225000 180.058267
0.226000 181.035556
0.227000 181.999889
0.228000 182.952000
0.229000 183.891400
0.230000 184.818822
0.231000 185.734022
0.232000 186.637244
0.233000 187.528733
0.234000 188.408733
0.235000 189.277000
0.236000 190.134267
0.237000 190.980289
0.238000 191.815067
0.239000 192.639333
0.240000 193.452600
0.241000 194.255356
0.242000 195.047844
0.243000 195.830067
0.244000 196.602022
0.245000 197.363956
0.246000 198.115867
0.247000 198.858244
0.248000 199.591089
0.249000 200.314400
0.250000 201.028422
0.251000 201.733156
0.252000 202.429089
0.253000 203.115733
0.254000 203.793822
0.255000 204.463111
0.256000 205.123844
0.257000 205.776267
0.258000 206.420378
0.259000 207.056178
0.260000 207.683911
0.261000 208.303578
0.262000 208.915422
0.263000 209.519689
0.264000 210.116133
0.265000 210.705000
0.266000 211.286533
0.267000 211.860978
0.268000 212.427844
0.269000 212.987867
0.270000 213.540800
0.271000 214.086889
0.272000 214.626133
0.273000 215.158533
0.274000 215.684333
0.275000 216.203778
0.276000 216.716622
0.277000 217.223111
0.278000 217.723489
0.279000 218.217511
0.280000 218.705667
0.281000 219.187711
0.282000 219.663644
0.283000 220.133956
0.284000 220.598400
0.285000 221.057222
0.286000 221.510422
0.287000 221.958000
0.288000 222.400200
0.289000 222.837022
0.290000 223.268467
0.291000 223.694778
0.292000 224.115711
0.293000 224.531756
0.294000 224.942422
0.295000 225.348444
0.296000 225.749333
0.297000 226.145333
0.298000 226.536689
0.299000 226.923156
0.300000 227.304978
0.301000 227.681911
0.302000 228.054444
0.303000 228.422578
0.304000 228.786067
0.305000 229.145156
0.306000 229.499844
0.307000 229.850133
0.308000 230.196022
0.309000 230.537756
0.310000 230.875333
0.311000 231.208756
0.312000 231.537778
0.313000 231.862889
0.314000 232.183844
0.315000 232.500889
0.316000 232.813778
0.317000 233.122756
0.318000 233.427822
0.319000 233.728733
0.320000 234.025978
0.321000 234.319311
0.322000 234.608733
0.323000 234.894244
0.324000 235.176089
0.325000 235.454022
0.326000 235.728289
0.327000 235.998644
0.328000 236.265333
0.329000 236.528356
0.330000 236.787467
0.331000 237.042911
0.332000 237.294689
0.333000 237.542556
0.334000 237.786756
0.335000 238.027289
0.336000 238.263911
0.337000 238.496867
0.338000 238.726156
0.339000 238.951533
0.340000 239.173244
0.341000 239.391044
0.342000 239.605178
0.343000 239.815400
0.344000 240.021711
0.345000 240.224111
0.346000 240.422600
0.347000 240.616933
0.348000 240.807600
0.349000 240.994111
0.350000 241.176467
0.351000 241.354911
0.352000 241.528956
0.353000 241.698844
0.354000 241.864578
0.355000 242.025911
0.356000 242.182844
0.357000 242.335378
0.358000 242.483511
0.359000 242.627000
0.360000 242.765844
0.361000 242.899800
0.362000 243.029111
0.363000 243.153533
0.364000 243.272822
0.365000 243.386978
0.366000 243.496244
0.367000 243.600133
0.368000 243.698644
0.369000 243.791533
0.370000 243.878800
0.371000 243.960689
0.372000 244.036467
0.373000 244.106133
0.374000 244.169933
0.375000 244.227378
0.376000 244.278467
0.377000 244.323200
0.378000 244.361089
0.379000 244.392133
0.380000 244.416089
0.381000 244.432956
0.382000 244.442489
0.383000 244.444444
0.384000 244.438822
0.385000 244.425133
0.386000 244.403378
0.387000 244.373311
0.388000 244.334689
0.389000 244.287511
0.390000 244.231289
0.391000 244.166022
0.392000 244.091222
0.393000 244.006644
0.394000 243.912533
0.395000 243.808156
0.396000 243.693267
0.397000 243.567867
0.398000 243.431467
0.399000 243.284067
0.400000 243.125178
0.401000 242.954556
0.402000 242.771711
0.403000 242.576644
0.404000 242.369111
0.405000 242.148622
0.406000 241.914689
0.407000 241.667311
0.408000 241.406244
0.409000 241.130756
0.410000 240.840844
0.411000 240.536022
0.412000 240.216289
0.413000 239.880667
0.414000 239.529400
0.415000 239.161756
0.416000 238.777733
0.417000 238.376600
0.418000 237.958356
0.419000 237.522267
0.420000 237.068578
0.421000 236.596311
0.422000 236.105222
0.423000 235.595311
0.424000 235.065844
0.425000 234.516822
0.426000 233.947511
0.427000 233.357667
0.428000 232.747289
0.429000 232.115644
0.430000 231.462489
0.431000 230.787578
0.432000 230.090422
0.433000 229.371022
0.434000 228.628644
0.435000 227.863533
0.436000 227.074711
0.437000 226.262667
0.438000 225.426422
0.439000 224.566222
0.440000 223.681333
0.441000 222.772244
0.442000 221.837978
0.443000 220.878778
0.444000 219.894400
0.445000 218.884844
0.446000 217.849622
0.447000 216.788733
0.448000 215.702178
0.449000 214.589711
0.450000 213.451333
0.451000 212.287044
0.452000 211.096844
0.453000 209.880978
0.454000 208.638956
0.455000 207.371022
0.456000 206.077667
0.457000 204.758400
0.458000 203.413956
0.459000 202.044089
0.460000 200.649289
0.461000 199.229311
0.462000 197.785133
0.463000 196.316511
0.464000 194.823689
0.465000 193.307644
0.466000 191.768133
0.467000 190.205889
0.468000 188.621400
0.469000 187.014911
0.470000 185.386911
0.471000 183.738378
0.472000 182.069311
0.473000 180.380689
0.474000 178.673000
0.475000 176.946733
0.476000 175.202867
0.477000 173.441889
0.478000 171.664533
0.479000 169.871778
0.480000 168.064111
0.481000 166.242267
0.482000 164.407467
0.483000 162.560200
0.484000 160.701200
0.485000 158.831689
0.486000 156.952156
0.487000 155.063822
0.488000 153.167422
0.489000 151.263933
0.490000 149.354089
0.491000 147.438867
0.492000 145.519244
0.493000 143.596200
0.494000 141.670711
0.495000 139.743267
0.496000 137.815089
0.497000 135.887156
0.498000 133.960444
0.499000 132.035444
0.500000 130.113378
0.501000 128.194978
0.502000 126.281222
0.503000 124.372844
0.504000 122.470822
0.505000 120.575889
0.506000 118.688778
0.507000 116.810222
0.508000 114.941200
0.509000 113.082444
0.510000 111.234444
0.511000 109.398178
0.512000 107.573889
0.513000 105.762800
0.514000 103.964911
0.515000 102.181444
0.516000 100.412644
0.517000 98.659000
0.518000 96.921000
0.519000 95.199622
0.520000 93.494622
0.521000 91.807222
0.522000 90.137178
0.523000 88.484978
0.524000 86.851356
0.525000 85.236556
0.526000 83.640578
0.527000 82.063911
0.528000 80.506800
0.529000 78.969489
0.530000 77.452222
0.531000 75.955244
0.532000 74.478556
0.533000 73.022400
0.534000 71.586778
0.535000 70.171933
0.536000 68.777867
0.537000 67.404822
0.538000 66.052556
0.539000 64.721311
0.540000 63.410844
0.541000 62.121400
0.542000 60.852733
0.543000 59.605089
0.544000 58.377978
0.545000 57.171644
0.546000 55.985844
0.547000 54.820578
0.548000 53.675600
0.549000 52.550911
0.550000 51.446267
0.551000 50.361667
0.552000 49.296867
0.553000 48.251378
0.554000 47.225444
0.555000 46.218822
0.556000 45.231022
0.557000 44.262289
0.558000 43.311889
0.559000 42.380067
0.560000 41.466333
0.561000 40.570444
0.562000 39.692400
0.563000 38.831711
0.564000 37.988378
0.565000 37.161911
0.566000 36.352067
0.567000 35.559089
0.568000 34.782000
0.569000 34.021044
0.570000 33.275978
0.571000 32.546311
0.572000 31.831800
0.573000 31.132444
0.574000 30.447756
0.575000 29.777489
0.576000 29.121400
0.577000 28.479489
0.578000 27.851267
0.579000 27.236489
0.580000 26.634911
0.581000 26.046533
0.582000 25.470867
0.583000 24.907667
0.584000 24.356689
0.585000 23.817689
0.586000 23.290667
0.587000 22.775133
0.588000 22.271089
0.589000 21.778044
0.590000 21.296000
0.591000 20.824711
0.592000 20.363689
0.593000 19.912933
0.594000 19.472444
0.595000 19.041733
0.596000 18.620556
0.597000 18.208667
0.598000 17.806311
0.599000 17.412756
0.600000 17.028244
0.601000 16.652289
0.602000 16.284644
0.603000 15.925556
0.604000 15.574289
0.605000 15.231333
0.606000 14.895711
0.607000 14.567911
0.608000 14.247444
0.609000 13.934311
0.610000 13.628267
0.611000 13.329311
0.612000 13.036956
0.613000 12.751200
0.614000 12.471800
0.615000 12.199000
0.616000 11.932311
0.617000 11.671733
0.618000 11.417022
0.619000 11.167933
0.620000 10.924711
0.621000 10.686867
0.622000 10.454644
0.623000 10.227556
0.624000 10.005600
0.625000 9.788533
0.626000 9.576600
0.627000 9.369311
0.628000 9.166911
0.629000 8.969156
0.630000 8.775556
0.631000 8.586600
0.632000 8.401800
0.633000 8.221400
0.634000 8.044911
0.635000 7.872333
0.636000 7.703667
0.637000 7.538911
0.638000 7.377822
0.639000 7.220400
0.640000 7.066400
0.641000 6.916067
0.642000 6.768911
0.643000 6.625178
0.644000 6.484622
0.645000 6.347489
0.646000 6.213044
0.647000 6.081778
0.648000 5.953444
0.649000 5.828044
0.650000 5.705333
0.651000 5.585556
0.652000 5.468222
0.653000 5.353578
0.654000 5.241622
0.655000 5.131867
0.656000 5.024800
0.657000 4.919933
0.658000 4.817511
0.659000 4.717533
0.660000 4.619511
0.661000 4.523689
0.662000 4.430067
0.663000 4.338400
0.664000 4.248933
0.665000 4.161178
0.666000 4.075622
0.667000 3.991778
0.668000 3.909889
0.669000 3.829711
0.670000 3.751244
0.671000 3.674489
0.672000 3.599444
0.673000 3.526111
0.674000 3.454489
0.675000 3.384089
0.676000 3.315400
0.677000 3.248178
0.678000 3.182422
0.679000 3.118133
0.680000 3.055311
0.681000 2.993711
0.682000 2.933578
0.683000 2.874422
0.684000 2.816978
0.685000 2.760511
0.686000 2.705267
0.687000 2.651244
0.688000 2.598200
0.689000 2.546622
0.690000 2.496022
0.691000 2.446400
0.692000 2.397756
0.693000 2.350333
0.694000 2.303889
0.695000 2.258422
0.696000 2.213933
0.697000 2.170422
0.698000 2.127644
0.699000 2.085844
0.700000 2.045022
0.701000 2.004933
0.702000 1.965822
0.703000 1.927444
0.704000 1.890044
0.705000 1.853133
0.706000 1.817200
0.707000 1.782000
0.708000 1.747533
0.709000 1.713800
0.710000 1.680556
0.711000 1.648289
0.712000 1.616511
0.713000 1.585467
0.714000 1.554911
0.715000 1.525333
0.716000 1.496000
0.717000 1.467400
0.718000 1.439533
0.719000 1.412156
0.720000 1.385267
0.721000 1.358867
0.722000 1.333200
0.723000 1.307778
0.724000 1.283089
0.725000 1.258889
0.726000 1.235178
0.727000 1.211956
0.728000 1.189222
0.729000 1.166733
0.730000 1.144978
0.731000 1.123467
0.732000 1.102689
0.733000 1.081911
0.734000 1.061867
0.735000 1.042067
0.736000 1.022756
0.737000 1.003689
0.738000 0.985111
0.739000 0.967022
0.740000 0.949178
0.741000 0.931578
0.742000 0.914467
0.743000 0.897600
0.744000 0.881222
0.745000 0.865089
0.746000 0.849200
0.747000 0.833556
0.748000 0.818400
0.749000 0.803489
0.750000 0.788822
0.751000 0.774644
0.752000 0.760467
0.753000 0.746778
0.754000 0.733333
0.755000 0.719889
0.756000 0.706933
0.757000 0.694222
0.758000 0.681756
0.759000 0.669533
0.760000 0.657556
0.761000 0.645822
0.762000 0.634333
0.763000 0.622844
0.764000 0.611844
0.765000 0.600844
0.766000 0.590333
0.767000 0.579822
0.768000 0.569556
0.769000 0.559289
0.770000 0.549511
0.771000 0.539733
0.772000 0.530200
0.773000 0.520911
0.774000 0.511867
0.775000 0.502822
0.776000 0.494022
0.777000 0.485467
0.778000 0.476911
0.779000 0.468600
0.780000 0.460289
0.781000 0.452467
0.782000 0.444400
0.783000 0.436822
0.784000 0.429244
0.785000 0.421911
0.786000 0.414578
0.787000 0.407489
0.788000 0.400400
0.789000 0.393556
0.790000 0.386711
0.791000 0.380111
0.792000 0.373511
0.793000 0.367156
0.794000 0.360800
0.795000 0.354689
0.796000 0.348578
0.797000 0.342711
0.798000 0.336844
0.799000 0.331222
0.800000 0.325600
0.801000 0.320222
0.802000 0.314600
0.803000 0.309467
0.804000 0.304089
0.805000 0.298956
0.806000 0.294067
0.807000 0.289178
0.808000 0.284289
0.809000 0.279400
0.810000 0.274756
0.811000 0.270356
0.812000 0.265711
0.813000 0.261311
0.814000 0.256911
0.815000 0.252756
0.816000 0.248600
0.817000 0.244444
0.818000 0.240289
0.819000 0.236378
0.820000 0.232467
0.821000 0.228556
0.822000 0.224889
0.823000 0.221222
0.824000 0.217556
0.825000 0.214133
0.826000 0.210467
0.827000 0.207044
0.828000 0.203622
0.829000 0.200444
0.830000 0.197022
0.831000 0.193844
0.832000 0.190911
0.833000 0.187733
0.834000 0.184556
0.835000 0.181622
0.836000 0.178689
0.837000 0.175756
0.838000 0.173067
0.839000 0.170378
0.840000 0.167444
0.841000 0.164756
0.842000 0.162311
0.843000 0.159622
0.844000 0.157178
0.845000 0.154489
0.846000 0.152044
0.847000 0.149600
0.848000 0.147400
0.849000 0.144956
0.850000 0.142756
0.851000 0.140311
0.852000 0.138111
0.853000 0.135911
0.854000 0.133956
0.855000 0.131756
0.856000 0.129800
0.857000 0.127600
0.858000 0.125644
0.859000 0.123689
0.860000 0.121733
0.861000 0.119778
0.862000 0.118067
0.863000 0.116111
0.864000 0.114400
0.865000 0.112689
0.866000 0.110733
0.867000 0.109022
0.868000 0.107311
0.869000 0.105844
0.870000 0.104133
0.871000 0.102422
0.872000 0.100956
0.873000 0.099489
0.874000 0.097778
0.875000 0.096311
0.876000 0.094844
0.877000 0.093378
0.878000 0.091911
0.879000 0.090689
0.880000 0.089222
0.881000 0.087756
0.882000 0.086533
0.883000 0.085311
0.884000 0.083844
0.885000 0.082622
0.886000 0.081400
0.887000 0.080178
0.888000 0.078956
0.889000 0.077733
0.890000 0.076511
0.891000 0.075533
0.892000 0.074311
0.893000 0.073089
0.894000 0.072111
0.895000 0.071133
0.896000 0.069911
0.897000 0.068933
0.898000 0.067956
0.899000 0.066978
0.900000 0.066000
0.901000 0.065022
0.902000 0.064044
0.903000 0.063067
0.904000 0.062089
0.905000 0.061111
0.906000 0.060378
0.907000 0.059400
0.908000 0.058422
0.909000 0.057689
0.910000 0.056711
0.911000 0.055978
0.912000 0.055244
0.913000 0.054267
0.914000 0.053533
0.915000 0.052800
0.916000 0.052067
0.917000 0.051333
0.918000 0.050600
0.919000 0.049867
0.920000 0.049133
0.921000 0.048400
0.922000 0.047667
0.923000 0.046933
0.924000 0.046200
0.925000 0.045711
0.926000 0.044978
0.927000 0.044244
0.928000 0.043756
0.929000 0.043022
0.930000 0.042289
0.931000 0.041800
0.932000 0.041311
0.933000 0.040578
0.934000 0.040089
0.935000 0.039356
0.936000 0.038867
0.937000 0.038378
0.938000 0.037889
0.939000 0.037156
0.940000 0.036667
0.941000 0.036178
0.942000 0.035689
0.943000 0.035200
0.944000 0.034711
0.945000 0.034222
0.946000 0.033733
0.947000 0.033244
0.948000 0.032756
0.949000 0.032267
0.950000 0.031778
0.951000 0.031533
0.952000 0.031044
0.953000 0.030556
0.954000 0.030067
0.955000 0.029822
0.956000 0.029333
0.957000 0.028844
0.958000 0.028600
0.959000 0.028111
0.960000 0.027622
0.961000 0.027378
0.962000 0.026889
0.963000 0.026644
0.964000 0.026156
0.965000 0.025911
0.966000 0.025422
0.967000 0.025178
0.968000 0.024689
0.969000 0.024444
0.970000 0.024200
0.971000 0.023711
0.972000 0.023467
0.973000 0.023222
0.974000 0.022733
0.975000 0.022489
0.976000 0.022244
0.977000 0.022000
0.978000 0.021511
0.979000 0.021267
0.980000 0.021022
0.981000 0.020778
0.982000 0.020533
0.983000 0.020289
0.984000 0.020044
0.985000 0.019556
0.986000 0.019311
0.987000 0.019067
0.988000 0.018822
0.989000 0.018578
0.990000 0.018333
0.991000 0.018089
0.992000 0.017844
0.993000 0.017600
0.994000 0.017356
0.995000 0.017111
0.996000 0.016867
0.997000 0.016622
0.998000 0.016622
0.999000 0.016378
1.000000 0.016133
1.001000 0.015889
1.002000 0.015644
1.003000 0.015400
1.004000 0.015156
1.005000 0.015156
1.006000 0.014911
1.007000 0.014667
1.008000 0.014422
1.009000 0.014178
1.010000 0.014178
1.011000 0.013933
1.012000 0.013689
1.013000 0.013444
1.014000 0.013444
1.015000 0.013200
1.016000 0.012956
1.017000 0.012956
1.018000 0.012711
1.019000 0.012467
1.020000 0.012467
1.021000 0.012222
1.022000 0.011978
1.023000 0.011978
1.024000 0.011733
1.025000 0.011489
1.026000 0.011489
1.027000 0.011244
1.028000 0.011244
1.029000 0.011000
1.030000 0.010756
1.031000 0.010756
1.032000 0.010511
1.033000 0.010511
1.034000 0.010267
1.035000 0.010267
1.036000 0.010022
1.037000 0.010022
1.038000 0.009778
1.039000 0.009778
1.040000 0.009533
1.041000 0.009533
1.042000 0.009289
1.043000 0.009289
1.044000 0.009044
1.045000 0.009044
1.046000 0.008800
1.047000 0.008800
1.048000 0.008556
1.049000 0.008556
1.050000 0.008311
1.051000 0.008311
1.052000 0.008311
1.053000 0.008067
1.054000 0.008067
1.055000 0.007822
1.056000 0.007822
1.057000 0.007822
1.058000 0.007578
1.059000 0.007578
1.060000 0.007333
1.061000 0.007333
1.062000 0.007333
1.063000 0.007089
1.064000 0.007089
1.065000 0.007089
1.066000 0.006844
1.067000 0.006844
1.068000 0.006600
1.069000 0.006600
1.070000 0.006600
1.071000 0.006356
1.072000 0.006356
1.073000 0.006356
1.074000 0.006356
1.075000 0.006111
1.076000 0.006111
1.077000 0.006111
1.078000 0.005867
1.079000 0.005867
1.080000 0.005867
1.081000 0.005622
1.082000 0.005622
1.083000 0.005622
1.084000 0.005622
1.085000 0.005378
1.086000 0.005378
1.087000 0.005378
1.088000 0.005378
1.089000 0.005133
1.090000 0.005133
1.091000 0.005133
1.092000 0.004889
1.093000 0.004889
1.094000 0.004889
1.095000 0.004889
1.096000 0.004889
1.097000 0.004644
1.098000 0.004644
1.099000 0.004644
