1100 64
0.000000 0.000000
0.001000 0.000000
0.002000 0.000000
0.003000 0.000000
0.004000 0.000000
0.005000 0.000000
0.006000 0.000000
0.007000 0.000000
0.008000 0.000000
0.009000 0.000000
0.010000 0.000000
0.011000 0.000000
0.012000 0.000000
0.013000 0.000000
0.014000 0.000000
0.015000 0.000000
0.016000 0.000000
0.017000 0.000000
0.018000 0.000000
0.019000 0.000000
0.020000 0.000000
0.021000 0.000000
0.022000 0.000000
0.023000 0.000000
0.024000 0.000000
0.025000 0.000000
0.026000 0.000000
0.027000 0.000000
0.028000 0.000000
0.029000 0.000000
0.030000 0.000000
0.031000 0.000000
0.032000 0.000000
0.033000 0.000000
0.034000 0.000000
0.035000 0.000000
0.036000 0.000000
0.037000 0.000000
0.038000 0.000000
0.039000 0.000000
0.040000 0.000000
0.041000 0.000000
0.042000 0.000000
0.043000 0.000000
0.044000 0.000000
0.045000 0.000000
0.046000 0.000000
0.047000 0.000000
0.048000 0.000000
0.049000 0.000000
0.050000 0.000000
0.051000 0.000000
0.052000 0.000000
0.053000 0.000000
0.054000 0.000000
0.055000 0.000000
0.056000 0.000000
0.057000 0.000000
0.058000 0.000000
0.059000 0.000000
0.060000 0.000000
0.061000 0.000000
0.062000 0.000000
0.063000 0.000000
0.064000 0.000000
0.065000 0.000000
0.066000 0.000000
0.067000 0.000000
0.068000 0.000000
0.069000 0.000000
0.070000 0.000000
0.071000 0.000000
0.072000 0.000000
0.073000 0.000000
0.074000 0.000000
0.075000 0.000000
0.076000 0.000000
0.077000 0.000000
0.078000 0.000000
0.079000 0.000000
0.080000 0.000000
0.081000 0.000000
0.082000 0.000000
0.083000 0.000000
0.084000 0.000000
0.085000 0.000000
0.086000 0.000000
0.087000 0.000000
0.088000 0.000000
0.089000 0.000000
0.090000 0.000000
0.091000 0.000000
0.092000 0.000000
0.093000 0.000000
0.094000 0.000000
0.095000 0.000000
0.096000 0.000000
0.097000 0.000000
0.098000 0.000000
0.099000 0.000000
0.100000 0.000000
0.101000 0.033072
0.102000 0.132289
0.103000 0.297411
0.104000 0.528438
0.105000 0.824652
0.106000 1.186051
0.107000 1.611677
0.108000 2.101292
0.109000 2.653935
0.110000 3.268889
0.111000 3.945194
0.112000 4.681892
0.113000 5.478265
0.114000 6.332873
0.115000 7.244519
0.116000 8.212005
0.117000 9.234132
0.118000 10.309462
0.119000 11.436558
0.120000 12.613741
0.121000 13.840054
0.122000 15.113339
0.123000 16.432398
0.124000 17.795313
0.125000 19.200888
0.126000 20.646964
0.127000 22.132103
0.128000 23.654389
0.129000 25.212384
0.130000 26.804410
0.131000 28.428309
0.132000 30.082885
0.133000 31.766219
0.134000 33.476394
0.135000 35.212212
0.136000 36.971517
0.137000 38.752869
0.138000 40.554832
0.139000 42.375489
0.140000 44.213400
0.141000 46.066889
0.142000 47.934757
0.143000 49.815326
0.144000 51.707160
0.145000 53.608819
0.146000 55.518866
0.147000 57.436103
0.148000 59.359092
0.149000 61.286874
0.150000 63.217771
0.151000 65.151064
0.152000 67.085317
0.153000 69.019569
0.154000 70.952623
0.155000 72.883760
0.156000 74.811781
0.157000 76.735729
0.158000 78.654883
0.159000 80.568046
0.160000 82.474977
0.161000 84.374480
0.162000 86.265834
0.163000 88.148561
0.164000 90.021941
0.165000 91.885016
0.166000 93.737785
0.167000 95.579291
0.168000 97.409054
0.169000 99.226835
0.170000 101.031913
0.171000 102.823811
0.172000 104.602287
0.173000 106.367104
0.174000 108.117781
0.175000 109.853839
0.176000 111.575278
0.177000 113.281858
0.178000 114.973101
0.179000 116.648766
0.180000 118.308854
0.181000 119.953124
0.182000 121.581577
0.183000 123.193733
0.184000 124.789833
0.185000 126.369636
0.186000 127.933143
0.187000 129.479874
0.188000 131.010548
0.189000 132.524446
0.190000 134.021808
0.191000 135.502634
0.192000 136.966924
0.193000 138.414677
0.194000 139.846134
0.195000 141.260815
0.196000 142.659440
0.197000 144.041528
0.198000 145.407319
0.199000 146.756814
0.200000 148.090492
0.201000 149.407874
0.202000 150.709438
0.203000 151.994945
0.204000 153.264875
0.205000 154.519227
0.206000 155.758002
0.207000 156.981439
0.208000 158.189538
0.209000 159.382778
0.210000 160.560680
0.211000 161.723964
0.212000 162.872389
0.213000 164.006434
0.214000 165.125861
0.215000 166.230908
0.216000 167.322056
0.217000 168.399064
0.218000 169.462172
0.219000 170.511859
0.220000 171.547886
0.221000 172.570492
0.222000 173.579917
0.223000 174.576161
0.224000 175.559464
0.225000 176.530065
0.226000 177.488204
0.227000 178.433642
0.228000 179.367097
0.229000 180.288089
0.230000 181.197339
0.231000 182.094606
0.232000 182.980129
0.233000 183.854150
0.234000 184.716906
0.235000 185.568160
0.236000 186.408628
0.237000 187.238073
0.238000 188.056493
0.239000 188.864609
0.240000 189.661940
0.241000 190.448965
0.242000 191.225926
0.243000 191.992820
0.244000 192.749650
0.245000 193.496653
0.246000 194.233831
0.247000 194.961662
0.248000 195.680146
0.249000 196.389284
0.250000 197.089315
0.251000 197.780240
0.252000 198.462536
0.253000 199.135726
0.254000 199.800528
0.255000 200.456702
0.256000 201.104489
0.257000 201.744127
0.258000 202.375617
0.259000 202.998958
0.260000 203.614391
0.261000 204.221916
0.262000 204.821771
0.263000 205.414198
0.264000 205.998955
0.265000 206.576283
0.266000 207.146421
0.267000 207.709609
0.268000 208.265368
0.269000 208.814417
0.270000 209.356516
0.271000 209.891904
0.272000 210.420582
0.273000 210.942550
0.274000 211.458047
0.275000 211.967313
0.276000 212.470109
0.277000 212.966673
0.278000 213.457246
0.279000 213.941588
0.280000 214.420178
0.281000 214.892777
0.282000 215.359385
0.283000 215.820480
0.284000 216.275824
0.285000 216.725656
0.286000 217.169975
0.287000 217.608783
0.288000 218.042318
0.289000 218.470581
0.290000 218.893571
0.291000 219.311529
0.292000 219.724214
0.293000 220.132106
0.294000 220.534726
0.295000 220.932792
0.296000 221.325826
0.297000 221.714066
0.298000 222.097753
0.299000 222.476647
0.300000 222.850988
0.301000 223.220535
0.302000 223.585769
0.303000 223.946689
0.304000 224.303055
0.305000 224.655108
0.306000 225.002846
0.307000 225.346271
0.308000 225.685383
0.309000 226.020420
0.310000 226.351383
0.311000 226.678272
0.312000 227.000847
0.313000 227.319588
0.314000 227.634254
0.315000 227.945086
0.316000 228.251844
0.317000 228.554767
0.318000 228.853856
0.319000 229.148871
0.320000 229.440291
0.321000 229.727877
0.322000 230.011628
0.323000 230.291544
0.324000 230.567866
0.325000 230.840353
0.326000 231.109246
0.327000 231.374304
0.328000 231.635767
0.329000 231.893635
0.330000 232.147669
0.331000 232.398108
0.332000 232.644953
0.333000 232.887962
0.334000 233.127377
0.335000 233.363198
0.336000 233.595183
0.337000 233.823574
0.338000 234.048370
0.339000 234.269332
0.340000 234.486698
0.341000 234.700231
0.342000 234.910168
0.343000 235.116271
0.344000 235.318539
0.345000 235.516974
0.346000 235.711573
0.347000 235.902098
0.348000 236.089029
0.349000 236.271886
0.350000 236.450668
0.351000 236.625616
0.352000 236.796250
0.353000 236.962810
0.354000 237.125296
0.355000 237.283468
0.356000 237.437326
0.357000 237.586870
0.358000 237.732101
0.359000 237.872778
0.360000 238.008902
0.361000 238.140233
0.362000 238.267010
0.363000 238.388994
0.364000 238.505946
0.365000 238.617865
0.366000 238.724990
0.367000 238.826843
0.368000 238.923424
0.369000 239.014493
0.370000 239.100050
0.371000 239.180334
0.372000 239.254627
0.373000 239.322928
0.374000 239.385478
0.375000 239.441797
0.376000 239.491885
0.377000 239.535742
0.378000 239.572888
0.379000 239.603324
0.380000 239.626810
0.381000 239.643347
0.382000 239.652693
0.383000 239.654610
0.384000 239.649098
0.385000 239.635678
0.386000 239.614348
0.387000 239.584871
0.388000 239.547005
0.389000 239.500752
0.390000 239.445632
0.391000 239.381644
0.392000 239.308309
0.393000 239.225389
0.394000 239.133122
0.395000 239.030789
0.396000 238.918152
0.397000 238.795209
0.398000 238.661482
0.399000 238.516970
0.400000 238.361194
0.401000 238.193916
0.402000 238.014654
0.403000 237.823409
0.404000 237.619943
0.405000 237.403774
0.406000 237.174425
0.407000 236.931894
0.408000 236.675943
0.409000 236.405852
0.410000 236.121622
0.411000 235.822773
0.412000 235.509305
0.413000 235.180259
0.414000 234.835875
0.415000 234.475435
0.416000 234.098937
0.417000 233.705664
0.418000 233.295615
0.419000 232.868071
0.420000 232.423272
0.421000 231.960259
0.422000 231.478793
0.423000 230.978874
0.424000 230.459782
0.425000 229.921518
0.426000 229.363362
0.427000 228.785075
0.428000 228.186658
0.429000 227.567390
0.430000 226.927033
0.431000 226.265347
0.432000 225.581852
0.433000 224.876548
0.434000 224.148717
0.435000 223.398598
0.436000 222.625233
0.437000 221.829100
0.438000 221.009242
0.439000 220.165897
0.440000 219.298348
0.441000 218.407072
0.442000 217.491112
0.443000 216.550708
0.444000 215.585619
0.445000 214.595845
0.446000 213.580908
0.447000 212.540807
0.448000 211.475542
0.449000 210.384874
0.450000 209.268802
0.451000 208.127327
0.452000 206.960449
0.453000 205.768407
0.454000 204.550722
0.455000 203.307634
0.456000 202.039621
0.457000 200.746205
0.458000 199.428105
0.459000 198.085080
0.460000 196.717611
0.461000 195.325457
0.462000 193.909578
0.463000 192.469733
0.464000 191.006162
0.465000 189.519824
0.466000 188.010480
0.467000 186.478847
0.468000 184.925406
0.469000 183.350396
0.470000 181.754296
0.471000 180.138065
0.472000 178.501704
0.473000 176.846170
0.474000 175.171943
0.475000 173.479502
0.476000 171.769806
0.477000 170.043334
0.478000 168.300805
0.479000 166.543178
0.480000 164.770933
0.481000 162.984787
0.482000 161.185939
0.483000 159.374869
0.484000 157.552296
0.485000 155.719418
0.486000 153.876713
0.487000 152.025381
0.488000 150.166141
0.489000 148.299950
0.490000 146.427529
0.491000 144.549835
0.492000 142.667827
0.493000 140.782465
0.494000 138.894705
0.495000 137.005029
0.496000 135.114633
0.497000 133.224477
0.498000 131.335520
0.499000 129.448240
0.500000 127.563835
0.501000 125.683026
0.502000 123.806770
0.503000 121.935786
0.504000 120.071034
0.505000 118.213231
0.506000 116.363098
0.507000 114.521352
0.508000 112.688953
0.509000 110.866619
0.510000 109.054830
0.511000 107.254545
0.512000 105.466003
0.513000 103.690402
0.514000 101.927742
0.515000 100.179222
0.516000 98.445081
0.517000 96.725799
0.518000 95.021855
0.519000 93.334207
0.520000 91.662616
0.521000 90.008280
0.522000 88.370960
0.523000 86.751134
0.524000 85.149523
0.525000 83.566364
0.526000 82.001659
0.527000 80.455887
0.528000 78.929287
0.529000 77.422099
0.530000 75.934563
0.531000 74.466918
0.532000 73.019165
0.533000 71.591542
0.534000 70.184051
0.535000 68.796930
0.536000 67.430180
0.537000 66.084040
0.538000 64.758271
0.539000 63.453112
0.540000 62.168323
0.541000 60.904145
0.542000 59.660338
0.543000 58.437141
0.544000 57.234074
0.545000 56.051379
0.546000 54.888814
0.547000 53.746381
0.548000 52.623839
0.549000 51.521188
0.550000 50.438189
0.551000 49.374841
0.552000 48.330906
0.553000 47.305903
0.554000 46.300072
0.555000 45.313175
0.556000 44.344730
0.557000 43.394979
0.558000 42.463202
0.559000 41.549639
0.560000 40.653810
0.561000 39.775476
0.562000 38.914636
0.563000 38.070812
0.564000 37.244004
0.565000 36.433732
0.566000 35.639756
0.567000 34.862317
0.568000 34.100455
0.569000 33.354410
0.570000 32.623942
0.571000 31.908573
0.572000 31.208063
0.573000 30.522411
0.574000 29.851139
0.575000 29.194006
0.576000 28.550773
0.577000 27.921440
0.578000 27.305527
0.579000 26.702796
0.580000 26.113006
0.581000 25.536157
0.582000 24.971771
0.583000 24.419607
0.584000 23.879425
0.585000 23.350987
0.586000 22.834291
0.587000 22.328860
0.588000 21.834692
0.589000 21.351309
0.590000 20.878710
0.591000 20.416656
0.592000 19.964667
0.593000 19.522744
0.594000 19.090886
0.595000 18.668615
0.596000 18.255690
0.597000 17.851872
0.598000 17.457400
0.599000 17.071557
0.600000 16.694580
0.601000 16.325991
0.602000 15.965550
0.603000 15.613498
0.604000 15.269114
0.605000 14.932879
0.606000 14.603833
0.607000 14.282456
0.608000 13.968269
0.609000 13.661271
0.610000 13.361224
0.611000 13.068126
0.612000 12.781499
0.613000 12.501343
0.614000 12.227418
0.615000 11.959963
0.616000 11.698500
0.617000 11.443028
0.618000 11.193308
0.619000 10.949100
0.620000 10.710644
0.621000 10.477460
0.622000 10.249788
0.623000 10.027149
0.624000 9.809543
0.625000 9.596729
0.626000 9.388949
0.627000 9.185722
0.628000 8.987288
0.629000 8.793407
0.630000 8.603601
0.631000 8.418347
0.632000 8.237169
0.633000 8.060304
0.634000 7.887273
0.635000 7.718077
0.636000 7.552715
0.637000 7.391188
0.638000 7.233255
0.639000 7.078918
0.640000 6.927935
0.641000 6.780548
0.642000 6.636276
0.643000 6.495359
0.644000 6.357558
0.645000 6.223111
0.646000 6.091301
0.647000 5.962607
0.648000 5.836788
0.649000 5.713845
0.650000 5.593539
0.651000 5.476108
0.652000 5.361074
0.653000 5.248676
0.654000 5.138914
0.655000 5.031309
0.656000 4.926340
0.657000 4.823528
0.658000 4.723113
0.659000 4.625094
0.660000 4.528993
0.661000 4.435048
0.662000 4.343261
0.663000 4.253390
0.664000 4.165676
0.665000 4.079640
0.666000 3.995761
0.667000 3.913560
0.668000 3.833275
0.669000 3.754669
0.670000 3.677740
0.671000 3.602488
0.672000 3.528914
0.673000 3.457018
0.674000 3.386799
0.675000 3.317778
0.676000 3.250435
0.677000 3.184530
0.678000 3.120063
0.679000 3.057034
0.680000 2.995443
0.681000 2.935050
0.682000 2.876095
0.683000 2.818099
0.684000 2.761780
0.685000 2.706420
0.686000 2.652258
0.687000 2.599294
0.688000 2.547289
0.689000 2.496722
0.690000 2.447113
0.691000 2.398463
0.692000 2.350772
0.693000 2.304279
0.694000 2.258745
0.695000 2.214169
0.696000 2.170552
0.697000 2.127893
0.698000 2.085954
0.699000 2.044973
0.700000 2.004950
0.701000 1.965647
0.702000 1.927302
0.703000 1.889677
0.704000 1.853009
0.705000 1.816822
0.706000 1.781592
0.707000 1.747082
0.708000 1.713291
0.709000 1.680218
0.710000 1.647625
0.711000 1.615991
0.712000 1.584836
0.713000 1.554400
0.714000 1.524443
0.715000 1.495445
0.716000 1.466686
0.717000 1.438647
0.718000 1.411326
0.719000 1.384485
0.720000 1.358123
0.721000 1.332240
0.722000 1.307076
0.723000 1.282152
0.724000 1.257947
0.725000 1.234221
0.726000 1.210975
0.727000 1.188208
0.728000 1.165920
0.729000 1.143871
0.730000 1.122542
0.731000 1.101453
0.732000 1.081082
0.733000 1.060711
0.734000 1.041060
0.735000 1.021648
0.736000 1.002715
0.737000 0.984022
0.738000 0.965808
0.739000 0.948074
0.740000 0.930579
0.741000 0.913324
0.742000 0.896548
0.743000 0.880012
0.744000 0.863955
0.745000 0.848138
0.746000 0.832560
0.747000 0.817222
0.748000 0.802364
0.749000 0.787745
0.750000 0.773365
0.751000 0.759465
0.752000 0.745565
0.753000 0.732145
0.754000 0.718964
0.755000 0.705783
0.756000 0.693081
0.757000 0.680619
0.758000 0.668397
0.759000 0.656414
0.760000 0.644671
0.761000 0.633167
0.762000 0.621904
0.763000 0.610640
0.764000 0.599855
0.765000 0.589071
0.766000 0.578766
0.767000 0.568461
0.768000 0.558395
0.769000 0.548330
0.770000 0.538744
0.771000 0.529157
0.772000 0.519811
0.773000 0.510704
0.774000 0.501837
0.775000 0.492970
0.776000 0.484342
0.777000 0.475954
0.778000 0.467566
0.779000 0.459418
0.780000 0.451270
0.781000 0.443601
0.782000 0.435692
0.783000 0.428263
0.784000 0.420833
0.785000 0.413644
0.786000 0.406454
0.787000 0.399504
0.788000 0.392554
0.789000 0.385844
0.790000 0.379134
0.791000 0.372663
0.792000 0.366192
0.793000 0.359961
0.794000 0.353730
0.795000 0.347739
0.796000 0.341747
0.797000 0.335996
0.798000 0.330244
0.799000 0.324732
0.800000 0.319220
0.801000 0.313948
0.802000 0.308435
0.803000 0.303403
0.804000 0.298130
0.805000 0.293098
0.806000 0.288304
0.807000 0.283511
0.808000 0.278718
0.809000 0.273925
0.810000 0.269372
0.811000 0.265058
0.812000 0.260505
0.813000 0.256191
0.814000 0.251877
0.815000 0.247803
0.816000 0.243729
0.817000 0.239655
0.818000 0.235580
0.819000 0.231746
0.820000 0.227912
0.821000 0.224077
0.822000 0.220482
0.823000 0.216887
0.824000 0.213293
0.825000 0.209937
0.826000 0.206343
0.827000 0.202987
0.828000 0.199632
0.829000 0.196517
0.830000 0.193162
0.831000 0.190046
0.832000 0.187170
0.833000 0.184055
0.834000 0.180939
0.835000 0.178063
0.836000 0.175188
0.837000 0.172312
0.838000 0.169675
0.839000 0.167039
0.840000 0.164163
0.841000 0.161527
0.842000 0.159131
0.843000 0.156494
0.844000 0.154098
0.845000 0.151462
0.846000 0.149065
0.847000 0.146669
0.848000 0.144512
0.849000 0.142115
0.850000 0.139958
0.851000 0.137562
0.852000 0.135405
0.853000 0.133248
0.854000 0.131331
0.855000 0.129174
0.856000 0.127257
0.857000 0.125100
0.858000 0.123182
0.859000 0.121265
0.860000 0.119348
0.861000 0.117431
0.862000 0.115753
0.863000 0.113836
0.864000 0.112158
0.865000 0.110481
0.866000 0.108564
0.867000 0.106886
0.868000 0.105208
0.869000 0.103770
0.870000 0.102093
0.871000 0.100415
0.872000 0.098977
0.873000 0.097539
0.874000 0.095862
0.875000 0.094424
0.876000 0.092986
0.877000 0.091548
0.878000 0.090110
0.879000 0.088912
0.880000 0.087474
0.881000 0.086036
0.882000 0.084838
0.883000 0.083639
0.884000 0.082202
0.885000 0.081003
0.886000 0.079805
0.887000 0.078607
0.888000 0.077408
0.889000 0.076210
0.890000 0.075012
0.891000 0.074053
0.892000 0.072855
0.893000 0.071657
0.894000 0.070698
0.895000 0.069739
0.896000 0.068541
0.897000 0.067583
0.898000 0.066624
0.899000 0.065665
0.900000 0.064707
0.901000 0.063748
0.902000 0.062790
0.903000 0.061831
0.904000 0.060872
0.905000 0.059914
0.906000 0.059195
0.907000 0.058236
0.908000 0.057277
0.909000 0.056558
0.910000 0.055600
0.911000 0.054881
0.912000 0.054162
0.913000 0.053203
0.914000 0.052484
0.915000 0.051765
0.916000 0.051046
0.917000 0.050327
0.918000 0.049609
0.919000 0.048890
0.920000 0.048171
0.921000 0.047452
0.922000 0.046733
0.923000 0.046014
0.924000 0.045295
0.925000 0.044815
0.926000 0.044096
0.927000 0.043377
0.928000 0.042898
0.929000 0.042179
0.930000 0.041460
0.931000 0.040981
0.932000 0.040502
0.933000 0.039783
0.934000 0.039303
0.935000 0.038584
0.936000 0.038105
0.937000 0.037626
0.938000 0.037146
0.939000 0.036428
0.940000 0.035948
0.941000 0.035469
0.942000 0.034990
0.943000 0.034510
0.944000 0.034031
0.945000 0.033552
0.946000 0.033072
0.947000 0.032593
0.948000 0.032114
0.949000 0.031634
0.950000 0.031155
0.951000 0.030915
0.952000 0.030436
0.953000 0.029957
0.954000 0.029478
0.955000 0.029238
0.956000 0.028759
0.957000 0.028279
0.958000 0.028040
0.959000 0.027560
0.960000 0.027081
0.961000 0.026841
0.962000 0.026362
0.963000 0.026122
0.964000 0.025643
0.965000 0.025403
0.966000 0.024924
0.967000 0.024684
0.968000 0.024205
0.969000 0.023965
0.970000 0.023726
0.971000 0.023246
0.972000 0.023007
0.973000 0.022767
0.974000 0.022288
0.975000 0.022048
0.976000 0.021809
0.977000 0.021569
0.978000 0.021090
0.979000 0.020850
0.980000 0.020610
0.981000 0.020371
0.982000 0.020131
0.983000 0.019891
0.984000 0.019652
0.985000 0.019172
0.986000 0.018933
0.987000 0.018693
0.988000 0.018453
0.989000 0.018214
0.990000 0.017974
0.991000 0.017734
0.992000 0.017495
0.993000 0.017255
0.994000 0.017015
0.995000 0.016776
0.996000 0.016536
0.997000 0.016297
0.998000 0.016297
0.999000 0.016057
1.000000 0.015817
1.001000 0.015578
1.002000 0.015338
1.003000 0.015098
1.004000 0.014859
1.005000 0.014859
1.006000 0.014619
1.007000 0.014379
1.008000 0.014140
1.009000 0.013900
1.010000 0.013900
1.011000 0.013660
1.012000 0.013421
1.013000 0.013181
1.014000 0.013181
1.015000 0.012941
1.016000 0.012702
1.017000 0.012702
1.018000 0.012462
1.019000 0.012222
1.020000 0.012222
1.021000 0.011983
1.022000 0.011743
1.023000 0.011743
1.024000 0.011503
1.025000 0.011264
1.026000 0.011264
1.027000 0.011024
1.028000 0.011024
1.029000 0.010784
1.030000 0.010545
1.031000 0.010545
1.032000 0.010305
1.033000 0.010305
1.034000 0.010065
1.035000 0.010065
1.036000 0.009826
1.037000 0.009826
1.038000 0.009586
1.039000 0.009586
1.040000 0.009347
1.041000 0.009347
1.042000 0.009107
1.043000 0.009107
1.044000 0.008867
1.045000 0.008867
1.046000 0.008628
1.047000 0.008628
1.048000 0.008388
1.049000 0.008388
1.050000 0.008148
1.051000 0.008148
1.052000 0.008148
1.053000 0.007909
1.054000 0.007909
1.055000 0.007669
1.056000 0.007669
1.057000 0.007669
1.058000 0.007429
1.059000 0.007429
1.060000 0.007190
1.061000 0.007190
1.062000 0.007190
1.063000 0.006950
1.064000 0.006950
1.065000 0.006950
1.066000 0.006710
1.067000 0.006710
1.068000 0.006471
1.069000 0.006471
1.070000 0.006471
1.071000 0.006231
1.072000 0.006231
1.073000 0.006231
1.074000 0.006231
1.075000 0.005991
1.076000 0.005991
1.077000 0.005991
1.078000 0.005752
1.079000 0.005752
1.080000 0.005752
1.081000 0.005512
1.082000 0.005512
1.083000 0.005512
1.084000 0.005512
1.085000 0.005272
1.086000 0.005272
1.087000 0.005272
1.088000 0.005272
1.089000 0.005033
1.090000 0.005033
1.091000 0.005033
1.092000 0.004793
1.093000 0.004793
1.094000 0.004793
1.095000 0.004793
1.096000 0.004793
1.097000 0.004553
1.098000 0.004553
1.099000 0.004553
