1100 64
0.000000 0.000000
0.001000 0.000000
0.002000 0.000000
0.003000 0.000000
0.004000 0.000000
0.005000 0.000000
0.006000 0.000000
0.007000 0.000000
0.008000 0.000000
0.009000 0.000000
0.010000 0.000000
0.011000 0.000000
0.012000 0.000000
0.013000 0.000000
0.014000 0.000000
0.015000 0.000000
0.016000 0.000000
0.017000 0.000000
0.018000 0.000000
0.019000 0.000000
0.020000 0.000000
0.021000 0.000000
0.022000 0.000000
0.023000 0.000000
0.024000 0.000000
0.025000 0.000000
0.026000 0.000000
0.027000 0.000000
0.028000 0.000000
0.029000 0.000000
0.030000 0.000000
0.031000 0.000000
0.032000 0.000000
0.033000 0.000000
0.034000 0.000000
0.035000 0.000000
0.036000 0.000000
0.037000 0.000000
0.038000 0.000000
0.039000 0.000000
0.040000 0.000000
0.041000 0.000000
0.042000 0.000000
0.043000 0.000000
0.044000 0.000000
0.045000 0.000000
0.046000 0.000000
0.047000 0.000000
0.048000 0.000000
0.049000 0.000000
0.050000 0.000000
0.051000 0.000000
0.052000 0.000000
0.053000 0.000000
0.054000 0.000000
0.055000 0.000000
0.056000 0.000000
0.057000 0.000000
0.058000 0.000000
0.059000 0.000000
0.060000 0.000000
0.061000 0.000000
0.062000 0.000000
0.063000 0.000000
0.064000 0.000000
0.065000 0.000000
0.066000 0.000000
0.067000 0.000000
0.068000 0.000000
0.069000 0.000000
0.070000 0.000000
0.071000 0.000000
0.072000 0.000000
0.073000 0.000000
0.074000 0.000000
0.075000 0.000000
0.076000 0.000000
0.077000 0.000000
0.078000 0.000000
0.079000 0.000000
0.080000 0.000000
0.081000 0.000000
0.082000 0.000000
0.083000 0.000000
0.084000 0.000000
0.085000 0.000000
0.086000 0.000000
0.087000 0.000000
0.088000 0.000000
0.089000 0.000000
0.090000 0.000000
0.091000 0.000000
0.092000 0.000000
0.093000 0.000000
0.094000 0.000000
0.095000 0.000000
0.096000 0.000000
0.097000 0.000000
0.098000 0.000000
0.099000 0.000000
0.100000 0.000000
0.101000 0.025484
0.102000 0.101934
0.103000 0.229168
0.104000 0.407183
0.105000 0.635428
0.106000 0.913900
0.107000 1.241863
0.108000 1.619131
0.109000 2.044965
0.110000 2.518812
0.111000 3.039933
0.112000 3.607589
0.113000 4.221226
0.114000 4.879737
0.115000 5.582197
0.116000 6.327684
0.117000 7.115274
0.118000 7.943860
0.119000 8.812333
0.120000 9.719401
0.121000 10.664325
0.122000 11.645443
0.123000 12.661831
0.124000 13.712013
0.125000 14.795066
0.126000 15.909326
0.127000 17.053687
0.128000 18.226670
0.129000 19.427168
0.130000 20.653889
0.131000 21.905169
0.132000 23.180087
0.133000 24.477165
0.134000 25.794924
0.135000 27.132443
0.136000 28.488059
0.137000 29.860663
0.138000 31.249149
0.139000 32.652039
0.140000 34.068224
0.141000 35.496413
0.142000 36.935681
0.143000 38.384737
0.144000 39.842471
0.145000 41.307777
0.146000 42.779547
0.147000 44.256856
0.148000 45.738597
0.149000 47.224031
0.150000 48.711866
0.151000 50.201547
0.152000 51.691968
0.153000 53.182388
0.154000 54.671885
0.155000 56.159904
0.156000 57.645523
0.157000 59.128003
0.158000 60.606789
0.159000 62.080959
0.160000 63.550327
0.161000 65.013971
0.162000 66.471337
0.163000 67.922054
0.164000 69.365570
0.165000 70.801145
0.166000 72.228779
0.167000 73.647735
0.168000 75.057642
0.169000 76.458315
0.170000 77.849202
0.171000 79.229932
0.172000 80.600321
0.173000 81.960184
0.174000 83.309151
0.175000 84.646855
0.176000 85.973294
0.177000 87.288283
0.178000 88.591455
0.179000 89.882623
0.180000 91.161788
0.181000 92.428765
0.182000 93.683554
0.183000 94.925787
0.184000 96.155646
0.185000 97.372949
0.186000 98.577695
0.187000 99.769514
0.188000 100.948960
0.189000 102.115481
0.190000 103.269259
0.191000 104.410295
0.192000 105.538590
0.193000 106.654143
0.194000 107.757139
0.195000 108.847209
0.196000 109.924906
0.197000 110.989861
0.198000 112.042259
0.199000 113.082100
0.200000 114.109753
0.201000 115.124849
0.202000 116.127757
0.203000 117.118293
0.204000 118.096825
0.205000 119.063355
0.206000 120.017881
0.207000 120.960589
0.208000 121.891478
0.209000 122.810919
0.210000 123.718540
0.211000 124.614898
0.212000 125.499806
0.213000 126.373634
0.214000 127.236198
0.215000 128.087682
0.216000 128.928455
0.217000 129.758334
0.218000 130.577502
0.219000 131.386328
0.220000 132.184629
0.221000 132.972589
0.222000 133.750392
0.223000 134.518039
0.224000 135.275714
0.225000 136.023601
0.226000 136.761887
0.227000 137.490385
0.228000 138.209650
0.229000 138.919312
0.230000 139.619926
0.231000 140.311306
0.232000 140.993639
0.233000 141.667107
0.234000 142.331896
0.235000 142.987821
0.236000 143.635436
0.237000 144.274557
0.238000 144.905184
0.239000 145.527869
0.240000 146.142245
0.241000 146.748681
0.242000 147.347360
0.243000 147.938284
0.244000 148.521452
0.245000 149.097048
0.246000 149.665073
0.247000 150.225897
0.248000 150.779518
0.249000 151.325938
0.250000 151.865341
0.251000 152.397726
0.252000 152.923463
0.253000 153.442183
0.254000 153.954440
0.255000 154.460049
0.256000 154.959195
0.257000 155.452062
0.258000 155.938651
0.259000 156.418961
0.260000 156.893177
0.261000 157.361300
0.262000 157.823513
0.263000 158.280001
0.264000 158.730580
0.265000 159.175435
0.266000 159.614750
0.267000 160.048709
0.268000 160.476944
0.269000 160.900009
0.270000 161.317718
0.271000 161.730257
0.272000 162.137625
0.273000 162.539822
0.274000 162.937033
0.275000 163.329444
0.276000 163.716868
0.277000 164.099491
0.278000 164.477497
0.279000 164.850703
0.280000 165.219476
0.281000 165.583633
0.282000 165.943173
0.283000 166.298465
0.284000 166.649326
0.285000 166.995940
0.286000 167.338306
0.287000 167.676426
0.288000 168.010482
0.289000 168.340476
0.290000 168.666407
0.291000 168.988461
0.292000 169.306451
0.293000 169.620749
0.294000 169.930984
0.295000 170.237710
0.296000 170.540558
0.297000 170.839714
0.298000 171.135360
0.299000 171.427313
0.300000 171.715758
0.301000 172.000509
0.302000 172.281937
0.303000 172.560040
0.304000 172.834635
0.305000 173.105906
0.306000 173.373853
0.307000 173.638476
0.308000 173.899775
0.309000 174.157934
0.310000 174.412955
0.311000 174.664836
0.312000 174.913393
0.313000 175.158996
0.314000 175.401459
0.315000 175.640968
0.316000 175.877337
0.317000 176.110752
0.318000 176.341213
0.319000 176.568533
0.320000 176.793084
0.321000 177.014681
0.322000 177.233323
0.323000 177.449010
0.324000 177.661927
0.325000 177.871889
0.326000 178.079082
0.327000 178.283320
0.328000 178.484788
0.329000 178.683486
0.330000 178.879229
0.331000 179.072203
0.332000 179.262407
0.333000 179.449655
0.334000 179.634134
0.335000 179.815843
0.336000 179.994598
0.337000 180.170582
0.338000 180.343797
0.339000 180.514057
0.340000 180.681547
0.341000 180.846082
0.342000 181.007847
0.343000 181.166658
0.344000 181.322514
0.345000 181.475416
0.346000 181.625362
0.347000 181.772170
0.348000 181.916208
0.349000 182.057106
0.350000 182.194865
0.351000 182.329669
0.352000 182.461150
0.353000 182.589491
0.354000 182.714693
0.355000 182.836571
0.356000 182.955125
0.357000 183.070355
0.358000 183.182261
0.359000 183.290659
0.360000 183.395548
0.361000 183.496744
0.362000 183.594431
0.363000 183.688424
0.364000 183.778540
0.365000 183.864778
0.366000 183.947323
0.367000 184.025805
0.368000 184.100224
0.369000 184.170397
0.370000 184.236321
0.371000 184.298184
0.372000 184.355430
0.373000 184.408059
0.374000 184.456256
0.375000 184.499652
0.376000 184.538247
0.377000 184.572040
0.378000 184.600663
0.379000 184.624115
0.380000 184.642212
0.381000 184.654954
0.382000 184.662156
0.383000 184.663633
0.384000 184.659386
0.385000 184.649045
0.386000 184.632610
0.387000 184.609896
0.388000 184.580719
0.389000 184.545079
0.390000 184.502606
0.391000 184.453301
0.392000 184.396794
0.393000 184.332901
0.394000 184.261805
0.395000 184.182954
0.396000 184.096162
0.397000 184.001429
0.398000 183.898387
0.399000 183.787035
0.400000 183.667004
0.401000 183.538108
0.402000 183.399980
0.403000 183.252618
0.404000 183.095839
0.405000 182.929272
0.406000 182.752549
0.407000 182.565670
0.408000 182.368449
0.409000 182.160333
0.410000 181.941322
0.411000 181.711046
0.412000 181.469506
0.413000 181.215963
0.414000 180.950601
0.415000 180.672867
0.416000 180.382761
0.417000 180.079728
0.418000 179.763768
0.419000 179.434328
0.420000 179.091593
0.421000 178.734823
0.422000 178.363833
0.423000 177.978625
0.424000 177.578644
0.425000 177.163889
0.426000 176.733807
0.427000 176.288214
0.428000 175.827109
0.429000 175.349938
0.430000 174.856517
0.431000 174.346661
0.432000 173.820000
0.433000 173.276535
0.434000 172.715711
0.435000 172.137714
0.436000 171.541805
0.437000 170.928352
0.438000 170.296618
0.439000 169.646786
0.440000 168.978304
0.441000 168.291540
0.442000 167.585756
0.443000 166.861136
0.444000 166.117495
0.445000 165.354834
0.446000 164.572784
0.447000 163.771344
0.448000 162.950514
0.449000 162.110110
0.450000 161.250131
0.451000 160.370578
0.452000 159.471451
0.453000 158.552934
0.454000 157.614658
0.455000 156.656808
0.456000 155.679753
0.457000 154.683123
0.458000 153.667473
0.459000 152.632618
0.460000 151.578927
0.461000 150.506216
0.462000 149.415224
0.463000 148.305764
0.464000 147.178024
0.465000 146.032740
0.466000 144.869728
0.467000 143.689543
0.468000 142.492553
0.469000 141.278944
0.470000 140.049084
0.471000 138.803712
0.472000 137.542829
0.473000 136.267173
0.474000 134.977113
0.475000 133.673018
0.476000 132.355628
0.477000 131.025311
0.478000 129.682622
0.479000 128.328299
0.480000 126.962711
0.481000 125.586413
0.482000 124.200328
0.483000 122.804825
0.484000 121.400458
0.485000 119.988150
0.486000 118.568272
0.487000 117.141745
0.488000 115.709125
0.489000 114.271149
0.490000 112.828372
0.491000 111.381532
0.492000 109.931369
0.493000 108.478620
0.494000 107.024025
0.495000 105.567952
0.496000 104.111325
0.497000 102.654883
0.498000 101.199364
0.499000 99.745138
0.500000 98.293128
0.501000 96.843888
0.502000 95.398156
0.503000 93.956487
0.504000 92.519619
0.505000 91.088107
0.506000 89.662504
0.507000 88.243364
0.508000 86.831426
0.509000 85.427243
0.510000 84.031186
0.511000 82.643993
0.512000 81.265848
0.513000 79.897675
0.514000 78.539474
0.515000 77.192169
0.516000 75.855943
0.517000 74.531166
0.518000 73.218207
0.519000 71.917806
0.520000 70.629777
0.521000 69.355044
0.522000 68.093422
0.523000 66.845281
0.524000 65.611174
0.525000 64.391286
0.526000 63.185617
0.527000 61.994536
0.528000 60.818229
0.529000 59.656879
0.530000 58.510672
0.531000 57.379792
0.532000 56.264239
0.533000 55.164198
0.534000 54.079668
0.535000 53.010835
0.536000 51.957698
0.537000 50.920443
0.538000 49.898884
0.539000 48.893205
0.540000 47.903224
0.541000 46.929123
0.542000 45.970719
0.543000 45.028196
0.544000 44.101184
0.545000 43.189869
0.546000 42.294066
0.547000 41.413774
0.548000 40.548810
0.549000 39.699173
0.550000 38.864678
0.551000 38.045325
0.552000 37.240930
0.553000 36.451124
0.554000 35.676091
0.555000 34.915646
0.556000 34.169420
0.557000 33.437598
0.558000 32.719626
0.559000 32.015688
0.560000 31.325415
0.561000 30.648623
0.562000 29.985311
0.563000 29.335111
0.564000 28.698021
0.565000 28.073673
0.566000 27.461883
0.567000 26.862834
0.568000 26.275788
0.569000 25.700930
0.570000 25.138076
0.571000 24.586855
0.572000 24.047083
0.573000 23.518760
0.574000 23.001517
0.575000 22.495170
0.576000 21.999533
0.577000 21.514606
0.578000 21.040020
0.579000 20.575591
0.580000 20.121134
0.581000 19.676649
0.582000 19.241766
0.583000 18.816301
0.584000 18.400069
0.585000 17.992886
0.586000 17.594751
0.587000 17.205295
0.588000 16.824519
0.589000 16.452052
0.590000 16.087896
0.591000 15.731864
0.592000 15.383589
0.593000 15.043069
0.594000 14.710305
0.595000 14.384928
0.596000 14.066752
0.597000 13.755594
0.598000 13.451638
0.599000 13.154329
0.600000 12.863853
0.601000 12.579841
0.602000 12.302107
0.603000 12.030836
0.604000 11.765474
0.605000 11.506391
0.606000 11.252848
0.607000 11.005214
0.608000 10.763120
0.609000 10.526566
0.610000 10.295367
0.611000 10.069523
0.612000 9.848666
0.613000 9.632794
0.614000 9.421723
0.615000 9.215639
0.616000 9.014171
0.617000 8.817319
0.618000 8.624900
0.619000 8.436727
0.620000 8.252987
0.621000 8.073309
0.622000 7.897879
0.623000 7.726326
0.624000 7.558652
0.625000 7.394671
0.626000 7.234567
0.627000 7.077972
0.628000 6.925071
0.629000 6.775678
0.630000 6.629424
0.631000 6.486679
0.632000 6.347074
0.633000 6.210792
0.634000 6.077465
0.635000 5.947092
0.636000 5.819674
0.637000 5.695211
0.638000 5.573518
0.639000 5.454594
0.640000 5.338256
0.641000 5.224688
0.642000 5.113521
0.643000 5.004938
0.644000 4.898757
0.645000 4.795161
0.646000 4.693596
0.647000 4.594431
0.648000 4.497483
0.649000 4.402750
0.650000 4.310049
0.651000 4.219564
0.652000 4.130925
0.653000 4.044318
0.654000 3.959742
0.655000 3.876828
0.656000 3.795946
0.657000 3.716725
0.658000 3.639351
0.659000 3.563823
0.660000 3.489773
0.661000 3.417385
0.662000 3.346659
0.663000 3.277410
0.664000 3.209823
0.665000 3.143529
0.666000 3.078897
0.667000 3.015557
0.668000 2.953695
0.669000 2.893125
0.670000 2.833848
0.671000 2.775864
0.672000 2.719172
0.673000 2.663773
0.674000 2.609666
0.675000 2.556483
0.676000 2.504593
0.677000 2.453810
0.678000 2.404136
0.679000 2.355569
0.680000 2.308111
0.681000 2.261576
0.682000 2.216148
0.683000 2.171460
0.684000 2.128064
0.685000 2.085406
0.686000 2.043672
0.687000 2.002862
0.688000 1.962790
0.689000 1.923826
0.690000 1.885600
0.691000 1.848114
0.692000 1.811366
0.693000 1.775541
0.694000 1.740455
0.695000 1.706107
0.696000 1.672499
0.697000 1.639628
0.698000 1.607312
0.699000 1.575735
0.700000 1.544896
0.701000 1.514611
0.702000 1.485065
0.703000 1.456073
0.704000 1.427819
0.705000 1.399935
0.706000 1.372789
0.707000 1.346198
0.708000 1.320160
0.709000 1.294677
0.710000 1.269562
0.711000 1.245187
0.712000 1.221181
0.713000 1.197728
0.714000 1.174645
0.715000 1.152301
0.716000 1.130141
0.717000 1.108536
0.718000 1.087484
0.719000 1.066802
0.720000 1.046489
0.721000 1.026545
0.722000 1.007155
0.723000 0.987950
0.724000 0.969299
0.725000 0.951018
0.726000 0.933105
0.727000 0.915562
0.728000 0.898389
0.729000 0.881400
0.730000 0.864964
0.731000 0.848714
0.732000 0.833018
0.733000 0.817321
0.734000 0.802179
0.735000 0.787221
0.736000 0.772633
0.737000 0.758229
0.738000 0.744194
0.739000 0.730529
0.740000 0.717049
0.741000 0.703753
0.742000 0.690827
0.743000 0.678085
0.744000 0.665712
0.745000 0.653525
0.746000 0.641521
0.747000 0.629703
0.748000 0.618254
0.749000 0.606989
0.750000 0.595910
0.751000 0.585199
0.752000 0.574489
0.753000 0.564147
0.754000 0.553991
0.755000 0.543834
0.756000 0.534047
0.757000 0.524445
0.758000 0.515027
0.759000 0.505794
0.760000 0.496745
0.761000 0.487881
0.762000 0.479202
0.763000 0.470523
0.764000 0.462213
0.765000 0.453903
0.766000 0.445963
0.767000 0.438022
0.768000 0.430266
0.769000 0.422510
0.770000 0.415124
0.771000 0.407737
0.772000 0.400535
0.773000 0.393518
0.774000 0.386686
0.775000 0.379853
0.776000 0.373205
0.777000 0.366742
0.778000 0.360279
0.779000 0.354000
0.780000 0.347722
0.781000 0.341812
0.782000 0.335718
0.783000 0.329994
0.784000 0.324269
0.785000 0.318729
0.786000 0.313190
0.787000 0.307834
0.788000 0.302479
0.789000 0.297308
0.790000 0.292138
0.791000 0.287152
0.792000 0.282166
0.793000 0.277365
0.794000 0.272564
0.795000 0.267947
0.796000 0.263330
0.797000 0.258898
0.798000 0.254466
0.799000 0.250219
0.800000 0.245972
0.801000 0.241909
0.802000 0.237662
0.803000 0.233784
0.804000 0.229722
0.805000 0.225844
0.806000 0.222150
0.807000 0.218457
0.808000 0.214764
0.809000 0.211071
0.810000 0.207562
0.811000 0.204238
0.812000 0.200729
0.813000 0.197405
0.814000 0.194081
0.815000 0.190942
0.816000 0.187803
0.817000 0.184664
0.818000 0.181524
0.819000 0.178570
0.820000 0.175615
0.821000 0.172660
0.822000 0.169891
0.823000 0.167121
0.824000 0.164351
0.825000 0.161765
0.826000 0.158995
0.827000 0.156410
0.828000 0.153825
0.829000 0.151424
0.830000 0.148839
0.831000 0.146438
0.832000 0.144222
0.833000 0.141822
0.834000 0.139421
0.835000 0.137205
0.836000 0.134989
0.837000 0.132773
0.838000 0.130742
0.839000 0.128711
0.840000 0.126495
0.841000 0.124463
0.842000 0.122617
0.843000 0.120585
0.844000 0.118739
0.845000 0.116707
0.846000 0.114861
0.847000 0.113014
0.848000 0.111352
0.849000 0.109506
0.850000 0.107844
0.851000 0.105997
0.852000 0.104335
0.853000 0.102673
0.854000 0.101196
0.855000 0.099534
0.856000 0.098056
0.857000 0.096394
0.858000 0.094917
0.859000 0.093440
0.860000 0.091962
0.861000 0.090485
0.862000 0.089193
0.863000 0.087715
0.864000 0.086423
0.865000 0.085130
0.866000 0.083653
0.867000 0.082360
0.868000 0.081067
0.869000 0.079959
0.870000 0.078667
0.871000 0.077374
0.872000 0.076266
0.873000 0.075158
0.874000 0.073865
0.875000 0.072757
0.876000 0.071649
0.877000 0.070542
0.878000 0.069434
0.879000 0.068510
0.880000 0.067402
0.881000 0.066294
0.882000 0.065371
0.883000 0.064448
0.884000 0.063340
0.885000 0.062416
0.886000 0.061493
0.887000 0.060570
0.888000 0.059646
0.889000 0.058723
0.890000 0.057800
0.891000 0.057061
0.892000 0.056138
0.893000 0.055214
0.894000 0.054476
0.895000 0.053737
0.896000 0.052814
0.897000 0.052075
0.898000 0.051336
0.899000 0.050598
0.900000 0.049859
0.901000 0.049121
0.902000 0.048382
0.903000 0.047643
0.904000 0.046905
0.905000 0.046166
0.906000 0.045612
0.907000 0.044873
0.908000 0.044135
0.909000 0.043581
0.910000 0.042842
0.911000 0.042288
0.912000 0.041734
0.913000 0.040995
0.914000 0.040441
0.915000 0.039887
0.916000 0.039333
0.917000 0.038779
0.918000 0.038225
0.919000 0.037671
0.920000 0.037117
0.921000 0.036563
0.922000 0.036009
0.923000 0.035455
0.924000 0.034901
0.925000 0.034532
0.926000 0.033978
0.927000 0.033424
0.928000 0.033055
0.929000 0.032501
0.930000 0.031947
0.931000 0.031577
0.932000 0.031208
0.933000 0.030654
0.934000 0.030285
0.935000 0.029731
0.936000 0.029362
0.937000 0.028992
0.938000 0.028623
0.939000 0.028069
0.940000 0.027700
0.941000 0.027330
0.942000 0.026961
0.943000 0.026592
0.944000 0.026222
0.945000 0.025853
0.946000 0.025484
0.947000 0.025114
0.948000 0.024745
0.949000 0.024376
0.950000 0.024006
0.951000 0.023822
0.952000 0.023452
0.953000 0.023083
0.954000 0.022714
0.955000 0.022529
0.956000 0.022160
0.957000 0.021790
0.958000 0.021606
0.959000 0.021236
0.960000 0.020867
0.961000 0.020682
0.962000 0.020313
0.963000 0.020128
0.964000 0.019759
0.965000 0.019574
0.966000 0.019205
0.967000 0.019020
0.968000 0.018651
0.969000 0.018466
0.970000 0.018282
0.971000 0.017912
0.972000 0.017728
0.973000 0.017543
0.974000 0.017174
0.975000 0.016989
0.976000 0.016804
0.977000 0.016620
0.978000 0.016250
0.979000 0.016066
0.980000 0.015881
0.981000 0.015696
0.982000 0.015512
0.983000 0.015327
0.984000 0.015142
0.985000 0.014773
0.986000 0.014588
0.987000 0.014404
0.988000 0.014219
0.989000 0.014034
0.990000 0.013850
0.991000 0.013665
0.992000 0.013480
0.993000 0.013296
0.994000 0.013111
0.995000 0.012926
0.996000 0.012742
0.997000 0.012557
0.998000 0.012557
0.999000 0.012372
1.000000 0.012188
1.001000 0.012003
1.002000 0.011818
1.003000 0.011634
1.004000 0.011449
1.005000 0.011449
1.006000 0.011264
1.007000 0.011080
1.008000 0.010895
1.009000 0.010710
1.010000 0.010710
1.011000 0.010526
1.012000 0.010341
1.013000 0.010156
1.014000 0.010156
1.015000 0.009972
1.016000 0.009787
1.017000 0.009787
1.018000 0.009603
1.019000 0.009418
1.020000 0.009418
1.021000 0.009233
1.022000 0.009049
1.023000 0.009049
1.024000 0.008864
1.025000 0.008679
1.026000 0.008679
1.027000 0.008495
1.028000 0.008495
1.029000 0.008310
1.030000 0.008125
1.031000 0.008125
1.032000 0.007941
1.033000 0.007941
1.034000 0.007756
1.035000 0.007756
1.036000 0.007571
1.037000 0.007571
1.038000 0.007387
1.039000 0.007387
1.040000 0.007202
1.041000 0.007202
1.042000 0.007017
1.043000 0.007017
1.044000 0.006833
1.045000 0.006833
1.046000 0.006648
1.047000 0.006648
1.048000 0.006463
1.049000 0.006463
1.050000 0.006279
1.051000 0.006279
1.052000 0.006279
1.053000 0.006094
1.054000 0.006094
1.055000 0.005909
1.056000 0.005909
1.057000 0.005909
1.058000 0.005725
1.059000 0.005725
1.060000 0.005540
1.061000 0.005540
1.062000 0.005540
1.063000 0.005355
1.064000 0.005355
1.065000 0.005355
1.066000 0.005171
1.067000 0.005171
1.068000 0.004986
1.069000 0.004986
1.070000 0.004986
1.071000 0.004801
1.072000 0.004801
1.073000 0.004801
1.074000 0.004801
1.075000 0.004617
1.076000 0.004617
1.077000 0.004617
1.078000 0.004432
1.079000 0.004432
1.080000 0.004432
1.081000 0.004247
1.082000 0.004247
1.083000 0.004247
1.084000 0.004247
1.085000 0.004063
1.086000 0.004063
1.087000 0.004063
1.088000 0.004063
1.089000 0.003878
1.090000 0.003878
1.091000 0.003878
1.092000 0.003693
1.093000 0.003693
1.094000 0.003693
1.095000 0.003693
1.096000 0.003693
1.097000 0.003509
1.098000 0.003509
1.099000 0.003509
