1100 64
0.000000 0.000000
0.001000 0.000000
0.002000 0.000000
0.003000 0.000000
0.004000 0.000000
0.005000 0.000000
0.006000 0.000000
0.007000 0.000000
0.008000 0.000000
0.009000 0.000000
0.010000 0.000000
0.011000 0.000000
0.012000 0.000000
0.013000 0.000000
0.014000 0.000000
0.015000 0.000000
0.016000 0.000000
0.017000 0.000000
0.018000 0.000000
0.019000 0.000000
0.020000 0.000000
0.021000 0.000000
0.022000 0.000000
0.023000 0.000000
0.024000 0.000000
0.025000 0.000000
0.026000 0.000000
0.027000 0.000000
0.028000 0.000000
0.029000 0.000000
0.030000 0.000000
0.031000 0.000000
0.032000 0.000000
0.033000 0.000000
0.034000 0.000000
0.035000 0.000000
0.036000 0.000000
0.037000 0.000000
0.038000 0.000000
0.039000 0.000000
0.040000 0.000000
0.041000 0.000000
0.042000 0.000000
0.043000 0.000000
0.044000 0.000000
0.045000 0.000000
0.046000 0.000000
0.047000 0.000000
0.048000 0.000000
0.049000 0.000000
0.050000 0.000000
0.051000 0.000000
0.052000 0.000000
0.053000 0.000000
0.054000 0.000000
0.055000 0.000000
0.056000 0.000000
0.057000 0.000000
0.058000 0.000000
0.059000 0.000000
0.060000 0.000000
0.061000 0.000000
0.062000 0.000000
0.063000 0.000000
0.064000 0.000000
0.065000 0.000000
0.066000 0.000000
0.067000 0.000000
0.068000 0.000000
0.069000 0.000000
0.070000 0.000000
0.071000 0.000000
0.072000 0.000000
0.073000 0.000000
0.074000 0.000000
0.075000 0.000000
0.076000 0.000000
0.077000 0.000000
0.078000 0.000000
0.079000 0.000000
0.080000 0.000000
0.081000 0.000000
0.082000 0.000000
0.083000 0.000000
0.084000 0.000000
0.085000 0.000000
0.086000 0.000000
0.087000 0.000000
0.088000 0.000000
0.089000 0.000000
0.090000 0.000000
0.091000 0.000000
0.092000 0.000000
0.093000 0.000000
0.094000 0.000000
0.095000 0.000000
0.096000 0.000000
0.097000 0.000000
0.098000 0.000000
0.099000 0.000000
0.100000 0.000000
0.101000 0.027651
0.102000 0.110602
0.103000 0.248655
0.104000 0.441808
0.105000 0.689460
0.106000 0.991613
0.107000 1.347463
0.108000 1.756811
0.109000 2.218856
0.110000 2.732996
0.111000 3.298430
0.112000 3.914356
0.113000 4.580173
0.114000 5.294679
0.115000 6.056872
0.116000 6.865751
0.117000 7.720313
0.118000 8.619356
0.119000 9.561679
0.120000 10.545878
0.121000 11.571152
0.122000 12.635698
0.123000 13.738514
0.124000 14.877997
0.125000 16.053146
0.126000 17.262156
0.127000 18.503825
0.128000 19.776552
0.129000 21.079133
0.130000 22.410166
0.131000 23.767848
0.132000 25.151177
0.133000 26.558550
0.134000 27.988363
0.135000 29.439616
0.136000 30.910505
0.137000 32.399828
0.138000 33.906382
0.139000 35.428564
0.140000 36.965173
0.141000 38.514806
0.142000 40.076461
0.143000 41.648735
0.144000 43.230426
0.145000 44.820333
0.146000 46.417252
0.147000 48.020182
0.148000 49.627921
0.149000 51.239667
0.150000 52.854019
0.151000 54.470373
0.152000 56.087529
0.153000 57.704686
0.154000 59.320840
0.155000 60.935391
0.156000 62.547338
0.157000 64.155879
0.158000 65.760412
0.159000 67.359936
0.160000 68.954250
0.161000 70.542353
0.162000 72.123644
0.163000 73.697721
0.164000 75.263984
0.165000 76.821632
0.166000 78.370664
0.167000 79.910278
0.168000 81.440075
0.169000 82.959853
0.170000 84.469012
0.171000 85.967150
0.172000 87.454068
0.173000 88.929566
0.174000 90.393241
0.175000 91.844694
0.176000 93.283925
0.177000 94.710734
0.178000 96.124718
0.179000 97.525679
0.180000 98.913617
0.181000 100.288330
0.182000 101.649818
0.183000 102.997682
0.184000 104.332122
0.185000 105.652936
0.186000 106.960126
0.187000 108.253290
0.188000 109.533029
0.189000 110.798743
0.190000 112.050631
0.191000 113.288695
0.192000 114.512933
0.193000 115.723345
0.194000 116.920133
0.195000 118.102895
0.196000 119.272233
0.197000 120.427745
0.198000 121.569632
0.199000 122.697895
0.200000 123.812933
0.201000 124.914347
0.202000 126.002536
0.203000 127.077301
0.204000 128.139041
0.205000 129.187759
0.206000 130.223452
0.207000 131.246322
0.208000 132.256368
0.209000 133.253992
0.210000 134.238792
0.211000 135.211370
0.212000 136.171525
0.213000 137.119658
0.214000 138.055569
0.215000 138.979458
0.216000 139.891726
0.217000 140.792172
0.218000 141.680996
0.219000 142.558601
0.220000 143.424784
0.221000 144.279747
0.222000 145.123690
0.223000 145.956612
0.224000 146.778715
0.225000 147.590199
0.226000 148.391263
0.227000 149.181708
0.228000 149.962135
0.229000 150.732142
0.230000 151.492332
0.231000 152.242503
0.232000 152.982857
0.233000 153.713592
0.234000 154.434911
0.235000 155.146612
0.236000 155.849297
0.237000 156.542764
0.238000 157.227015
0.239000 157.902650
0.240000 158.569269
0.241000 159.227272
0.242000 159.876859
0.243000 160.518031
0.244000 161.150788
0.245000 161.775329
0.246000 162.391656
0.247000 163.000168
0.248000 163.600867
0.249000 164.193750
0.250000 164.779020
0.251000 165.356676
0.252000 165.927119
0.253000 166.489948
0.254000 167.045764
0.255000 167.594367
0.256000 168.135957
0.257000 168.670734
0.258000 169.198700
0.259000 169.719852
0.260000 170.234393
0.261000 170.742321
0.262000 171.243838
0.263000 171.739144
0.264000 172.228037
0.265000 172.710720
0.266000 173.187391
0.267000 173.658252
0.268000 174.122901
0.269000 174.581940
0.270000 175.035169
0.271000 175.482787
0.272000 175.924795
0.273000 176.361193
0.274000 176.792181
0.275000 177.217959
0.276000 177.638327
0.277000 178.053486
0.278000 178.463636
0.279000 178.868576
0.280000 179.268708
0.281000 179.663830
0.282000 180.053943
0.283000 180.439448
0.284000 180.820144
0.285000 181.196231
0.286000 181.567710
0.287000 181.934581
0.288000 182.297044
0.289000 182.655098
0.290000 183.008745
0.291000 183.358183
0.292000 183.703214
0.293000 184.044238
0.294000 184.380853
0.295000 184.713661
0.296000 185.042262
0.297000 185.366855
0.298000 185.687642
0.299000 186.004421
0.300000 186.317393
0.301000 186.626358
0.302000 186.931716
0.303000 187.233468
0.304000 187.531412
0.305000 187.825750
0.306000 188.116482
0.307000 188.403607
0.308000 188.687125
0.309000 188.967237
0.310000 189.243943
0.311000 189.517242
0.312000 189.786935
0.313000 190.053423
0.314000 190.316503
0.315000 190.576379
0.316000 190.832847
0.317000 191.086110
0.318000 191.336167
0.319000 191.582818
0.320000 191.826464
0.321000 192.066903
0.322000 192.304137
0.323000 192.538165
0.324000 192.769187
0.325000 192.997003
0.326000 193.221814
0.327000 193.443420
0.328000 193.662019
0.329000 193.877613
0.330000 194.090002
0.331000 194.299384
0.332000 194.505762
0.333000 194.708933
0.334000 194.909099
0.335000 195.106259
0.336000 195.300214
0.337000 195.491163
0.338000 195.679106
0.339000 195.863844
0.340000 196.045576
0.341000 196.224103
0.342000 196.399624
0.343000 196.571939
0.344000 196.741048
0.345000 196.906951
0.346000 197.069648
0.347000 197.228940
0.348000 197.385225
0.349000 197.538105
0.350000 197.687578
0.351000 197.833845
0.352000 197.976506
0.353000 198.115761
0.354000 198.251609
0.355000 198.383851
0.356000 198.512486
0.357000 198.637514
0.358000 198.758936
0.359000 198.876551
0.360000 198.990359
0.361000 199.100160
0.362000 199.206154
0.363000 199.308140
0.364000 199.405919
0.365000 199.499490
0.366000 199.589054
0.367000 199.674210
0.368000 199.754957
0.369000 199.831096
0.370000 199.902627
0.371000 199.969750
0.372000 200.031863
0.373000 200.088968
0.374000 200.141263
0.375000 200.188349
0.376000 200.230226
0.377000 200.266893
0.378000 200.297950
0.379000 200.323396
0.380000 200.343032
0.381000 200.356857
0.382000 200.364672
0.383000 200.366275
0.384000 200.361666
0.385000 200.350446
0.386000 200.332613
0.387000 200.307968
0.388000 200.276310
0.389000 200.237640
0.390000 200.191555
0.391000 200.138058
0.392000 200.076745
0.393000 200.007419
0.394000 199.930278
0.395000 199.844721
0.396000 199.750549
0.397000 199.647761
0.398000 199.535957
0.399000 199.415136
0.400000 199.284898
0.401000 199.145042
0.402000 198.995168
0.403000 198.835276
0.404000 198.665165
0.405000 198.484435
0.406000 198.292684
0.407000 198.089913
0.408000 197.875922
0.409000 197.650109
0.410000 197.412475
0.411000 197.162618
0.412000 196.900539
0.413000 196.625436
0.414000 196.337510
0.415000 196.036159
0.416000 195.721384
0.417000 195.392583
0.418000 195.049756
0.419000 194.692303
0.420000 194.320423
0.421000 193.933315
0.422000 193.530779
0.423000 193.112815
0.424000 192.678822
0.425000 192.228799
0.426000 191.762146
0.427000 191.278662
0.428000 190.778348
0.429000 190.260601
0.430000 189.725223
0.431000 189.172011
0.432000 188.600567
0.433000 188.010889
0.434000 187.402376
0.435000 186.775230
0.436000 186.128648
0.437000 185.463031
0.438000 184.777578
0.439000 184.072489
0.440000 183.347163
0.441000 182.602001
0.442000 181.836201
0.443000 181.049964
0.444000 180.243089
0.445000 179.415576
0.446000 178.567025
0.447000 177.697435
0.448000 176.806807
0.449000 175.894940
0.450000 174.961835
0.451000 174.007490
0.452000 173.031907
0.453000 172.035285
0.454000 171.017224
0.455000 169.977924
0.456000 168.917786
0.457000 167.836409
0.458000 166.734395
0.459000 165.611542
0.460000 164.468252
0.461000 163.304324
0.462000 162.120561
0.463000 160.916760
0.464000 159.693123
0.465000 158.450451
0.466000 157.188545
0.467000 155.908004
0.468000 154.609230
0.469000 153.292422
0.470000 151.957983
0.471000 150.606713
0.472000 149.238612
0.473000 147.854482
0.474000 146.454723
0.475000 145.039736
0.476000 143.610323
0.477000 142.166885
0.478000 140.710022
0.479000 139.240535
0.480000 137.758827
0.481000 136.265497
0.482000 134.761548
0.483000 133.247380
0.484000 131.723594
0.485000 130.191193
0.486000 128.650577
0.487000 127.102747
0.488000 125.548306
0.489000 123.988053
0.490000 122.422592
0.491000 120.852722
0.492000 119.279246
0.493000 117.702964
0.494000 116.124679
0.495000 114.544791
0.496000 112.964302
0.497000 111.384013
0.498000 109.804726
0.499000 108.226841
0.500000 106.651361
0.501000 105.078887
0.502000 103.510219
0.503000 101.945960
0.504000 100.386910
0.505000 98.833670
0.506000 97.286843
0.507000 95.747028
0.508000 94.215027
0.509000 92.691442
0.510000 91.176673
0.511000 89.671522
0.512000 88.176188
0.513000 86.691675
0.514000 85.217981
0.515000 83.756108
0.516000 82.306258
0.517000 80.868830
0.518000 79.444226
0.519000 78.033247
0.520000 76.635692
0.521000 75.252564
0.522000 73.883661
0.523000 72.529386
0.524000 71.190338
0.525000 69.866718
0.526000 68.558527
0.527000 67.266164
0.528000 65.989831
0.529000 64.729728
0.530000 63.486054
0.531000 62.259011
0.532000 61.048598
0.533000 59.855017
0.534000 58.678265
0.535000 57.518545
0.536000 56.375857
0.537000 55.250399
0.538000 54.141973
0.539000 53.050778
0.540000 51.976615
0.541000 50.919682
0.542000 49.879782
0.543000 48.857112
0.544000 47.851273
0.545000 46.862466
0.546000 45.890489
0.547000 44.935343
0.548000 43.996827
0.549000 43.074942
0.550000 42.169487
0.551000 41.280462
0.552000 40.407666
0.553000 39.550700
0.554000 38.709762
0.555000 37.884654
0.556000 37.074974
0.557000 36.280922
0.558000 35.501898
0.559000 34.738102
0.560000 33.989133
0.561000 33.254791
0.562000 32.535075
0.563000 31.829585
0.564000 31.138322
0.565000 30.460883
0.566000 29.797070
0.567000 29.147082
0.568000 28.510117
0.569000 27.886377
0.570000 27.275661
0.571000 26.677567
0.572000 26.091897
0.573000 25.518649
0.574000 24.957423
0.575000 24.408018
0.576000 23.870235
0.577000 23.344074
0.578000 22.829132
0.579000 22.325211
0.580000 21.832110
0.581000 21.349828
0.582000 20.877965
0.583000 20.416322
0.584000 19.964696
0.585000 19.522888
0.586000 19.090899
0.587000 18.668326
0.588000 18.255171
0.589000 17.851032
0.590000 17.455910
0.591000 17.069604
0.592000 16.691713
0.593000 16.322237
0.594000 15.961177
0.595000 15.608132
0.596000 15.262901
0.597000 14.925284
0.598000 14.595481
0.599000 14.272891
0.600000 13.957715
0.601000 13.649552
0.602000 13.348201
0.603000 13.053863
0.604000 12.765936
0.605000 12.484823
0.606000 12.209720
0.607000 11.941029
0.608000 11.678348
0.609000 11.421679
0.610000 11.170821
0.611000 10.925773
0.612000 10.686135
0.613000 10.451906
0.614000 10.222888
0.615000 9.999279
0.616000 9.780679
0.617000 9.567089
0.618000 9.358307
0.619000 9.154134
0.620000 8.954770
0.621000 8.759813
0.622000 8.569465
0.623000 8.383325
0.624000 8.201392
0.625000 8.023467
0.626000 7.849750
0.627000 7.679839
0.628000 7.513936
0.629000 7.351839
0.630000 7.193149
0.631000 7.038266
0.632000 6.886789
0.633000 6.738919
0.634000 6.594254
0.635000 6.452796
0.636000 6.314543
0.637000 6.179496
0.638000 6.047455
0.639000 5.918419
0.640000 5.792188
0.641000 5.668963
0.642000 5.548343
0.643000 5.430527
0.644000 5.315317
0.645000 5.202911
0.646000 5.092710
0.647000 4.985113
0.648000 4.879921
0.649000 4.777133
0.650000 4.676549
0.651000 4.578369
0.652000 4.482194
0.653000 4.388222
0.654000 4.296454
0.655000 4.206490
0.656000 4.118729
0.657000 4.032772
0.658000 3.948819
0.659000 3.866869
0.660000 3.786522
0.661000 3.707978
0.662000 3.631238
0.663000 3.556101
0.664000 3.482767
0.665000 3.410835
0.666000 3.340707
0.667000 3.271981
0.668000 3.204859
0.669000 3.139138
0.670000 3.074821
0.671000 3.011906
0.672000 2.950393
0.673000 2.890284
0.674000 2.831576
0.675000 2.773871
0.676000 2.717568
0.677000 2.662467
0.678000 2.608569
0.679000 2.555872
0.680000 2.504378
0.681000 2.453886
0.682000 2.404596
0.683000 2.356107
0.684000 2.309021
0.685000 2.262736
0.686000 2.217454
0.687000 2.173173
0.688000 2.129693
0.689000 2.087416
0.690000 2.045940
0.691000 2.005266
0.692000 1.965393
0.693000 1.926522
0.694000 1.888452
0.695000 1.851184
0.696000 1.814717
0.697000 1.779052
0.698000 1.743988
0.699000 1.709725
0.700000 1.676264
0.701000 1.643404
0.702000 1.611346
0.703000 1.579888
0.704000 1.549232
0.705000 1.518977
0.706000 1.489523
0.707000 1.460670
0.708000 1.432418
0.709000 1.404768
0.710000 1.377518
0.711000 1.351070
0.712000 1.325022
0.713000 1.299576
0.714000 1.274530
0.715000 1.250286
0.716000 1.226242
0.717000 1.202799
0.718000 1.179957
0.719000 1.157516
0.720000 1.135476
0.721000 1.113836
0.722000 1.092798
0.723000 1.071960
0.724000 1.051723
0.725000 1.031886
0.726000 1.012451
0.727000 0.993416
0.728000 0.974782
0.729000 0.956348
0.730000 0.938516
0.731000 0.920883
0.732000 0.903852
0.733000 0.886821
0.734000 0.870391
0.735000 0.854161
0.736000 0.838332
0.737000 0.822704
0.738000 0.807476
0.739000 0.792649
0.740000 0.778022
0.741000 0.763596
0.742000 0.749570
0.743000 0.735745
0.744000 0.722320
0.745000 0.709096
0.746000 0.696072
0.747000 0.683249
0.748000 0.670826
0.749000 0.658604
0.750000 0.646582
0.751000 0.634961
0.752000 0.623339
0.753000 0.612119
0.754000 0.601099
0.755000 0.590079
0.756000 0.579459
0.757000 0.569040
0.758000 0.558822
0.759000 0.548803
0.760000 0.538985
0.761000 0.529368
0.762000 0.519950
0.763000 0.510533
0.764000 0.501517
0.765000 0.492500
0.766000 0.483885
0.767000 0.475269
0.768000 0.466853
0.769000 0.458438
0.770000 0.450423
0.771000 0.442409
0.772000 0.434594
0.773000 0.426981
0.774000 0.419567
0.775000 0.412153
0.776000 0.404940
0.777000 0.397927
0.778000 0.390915
0.779000 0.384102
0.780000 0.377290
0.781000 0.370878
0.782000 0.364266
0.783000 0.358055
0.784000 0.351843
0.785000 0.345832
0.786000 0.339821
0.787000 0.334011
0.788000 0.328200
0.789000 0.322590
0.790000 0.316979
0.791000 0.311570
0.792000 0.306160
0.793000 0.300950
0.794000 0.295741
0.795000 0.290731
0.796000 0.285722
0.797000 0.280914
0.798000 0.276105
0.799000 0.271496
0.800000 0.266888
0.801000 0.262480
0.802000 0.257871
0.803000 0.253664
0.804000 0.249256
0.805000 0.245048
0.806000 0.241041
0.807000 0.237033
0.808000 0.233026
0.809000 0.229019
0.810000 0.225212
0.811000 0.221605
0.812000 0.217798
0.813000 0.214192
0.814000 0.210585
0.815000 0.207179
0.816000 0.203773
0.817000 0.200366
0.818000 0.196960
0.819000 0.193754
0.820000 0.190548
0.821000 0.187342
0.822000 0.184337
0.823000 0.181331
0.824000 0.178326
0.825000 0.175521
0.826000 0.172515
0.827000 0.169710
0.828000 0.166905
0.829000 0.164300
0.830000 0.161495
0.831000 0.158890
0.832000 0.156486
0.833000 0.153881
0.834000 0.151277
0.835000 0.148872
0.836000 0.146468
0.837000 0.144063
0.838000 0.141859
0.839000 0.139655
0.840000 0.137251
0.841000 0.135047
0.842000 0.133043
0.843000 0.130839
0.844000 0.128836
0.845000 0.126631
0.846000 0.124628
0.847000 0.122624
0.848000 0.120821
0.849000 0.118817
0.850000 0.117014
0.851000 0.115010
0.852000 0.113207
0.853000 0.111404
0.854000 0.109801
0.855000 0.107997
0.856000 0.106394
0.857000 0.104591
0.858000 0.102988
0.859000 0.101385
0.860000 0.099782
0.861000 0.098179
0.862000 0.096777
0.863000 0.095174
0.864000 0.093771
0.865000 0.092369
0.866000 0.090766
0.867000 0.089363
0.868000 0.087961
0.869000 0.086759
0.870000 0.085356
0.871000 0.083953
0.872000 0.082751
0.873000 0.081549
0.874000 0.080147
0.875000 0.078944
0.876000 0.077742
0.877000 0.076540
0.878000 0.075338
0.879000 0.074336
0.880000 0.073134
0.881000 0.071931
0.882000 0.070930
0.883000 0.069928
0.884000 0.068726
0.885000 0.067724
0.886000 0.066722
0.887000 0.065720
0.888000 0.064718
0.889000 0.063716
0.890000 0.062715
0.891000 0.061913
0.892000 0.060911
0.893000 0.059910
0.894000 0.059108
0.895000 0.058307
0.896000 0.057305
0.897000 0.056503
0.898000 0.055702
0.899000 0.054900
0.900000 0.054099
0.901000 0.053297
0.902000 0.052496
0.903000 0.051694
0.904000 0.050893
0.905000 0.050092
0.906000 0.049490
0.907000 0.048689
0.908000 0.047888
0.909000 0.047286
0.910000 0.046485
0.911000 0.045884
0.912000 0.045283
0.913000 0.044481
0.914000 0.043880
0.915000 0.043279
0.916000 0.042678
0.917000 0.042077
0.918000 0.041476
0.919000 0.040875
0.920000 0.040274
0.921000 0.039673
0.922000 0.039071
0.923000 0.038470
0.924000 0.037869
0.925000 0.037468
0.926000 0.036867
0.927000 0.036266
0.928000 0.035866
0.929000 0.035264
0.930000 0.034663
0.931000 0.034263
0.932000 0.033862
0.933000 0.033261
0.934000 0.032860
0.935000 0.032259
0.936000 0.031858
0.937000 0.031458
0.938000 0.031057
0.939000 0.030456
0.940000 0.030055
0.941000 0.029654
0.942000 0.029253
0.943000 0.028853
0.944000 0.028452
0.945000 0.028051
0.946000 0.027651
0.947000 0.027250
0.948000 0.026849
0.949000 0.026448
0.950000 0.026048
0.951000 0.025847
0.952000 0.025447
0.953000 0.025046
0.954000 0.024645
0.955000 0.024445
0.956000 0.024044
0.957000 0.023643
0.958000 0.023443
0.959000 0.023042
0.960000 0.022641
0.961000 0.022441
0.962000 0.022040
0.963000 0.021840
0.964000 0.021439
0.965000 0.021239
0.966000 0.020838
0.967000 0.020638
0.968000 0.020237
0.969000 0.020037
0.970000 0.019836
0.971000 0.019436
0.972000 0.019235
0.973000 0.019035
0.974000 0.018634
0.975000 0.018434
0.976000 0.018233
0.977000 0.018033
0.978000 0.017632
0.979000 0.017432
0.980000 0.017231
0.981000 0.017031
0.982000 0.016831
0.983000 0.016630
0.984000 0.016430
0.985000 0.016029
0.986000 0.015829
0.987000 0.015629
0.988000 0.015428
0.989000 0.015228
0.990000 0.015027
0.991000 0.014827
0.992000 0.014627
0.993000 0.014426
0.994000 0.014226
0.995000 0.014026
0.996000 0.013825
0.997000 0.013625
0.998000 0.013625
0.999000 0.013425
1.000000 0.013224
1.001000 0.013024
1.002000 0.012823
1.003000 0.012623
1.004000 0.012423
1.005000 0.012423
1.006000 0.012222
1.007000 0.012022
1.008000 0.011822
1.009000 0.011621
1.010000 0.011621
1.011000 0.011421
1.012000 0.011221
1.013000 0.011020
1.014000 0.011020
1.015000 0.010820
1.016000 0.010619
1.017000 0.010619
1.018000 0.010419
1.019000 0.010219
1.020000 0.010219
1.021000 0.010018
1.022000 0.009818
1.023000 0.009818
1.024000 0.009618
1.025000 0.009417
1.026000 0.009417
1.027000 0.009217
1.028000 0.009217
1.029000 0.009016
1.030000 0.008816
1.031000 0.008816
1.032000 0.008616
1.033000 0.008616
1.034000 0.008415
1.035000 0.008415
1.036000 0.008215
1.037000 0.008215
1.038000 0.008015
1.039000 0.008015
1.040000 0.007814
1.041000 0.007814
1.042000 0.007614
1.043000 0.007614
1.044000 0.007414
1.045000 0.007414
1.046000 0.007213
1.047000 0.007213
1.048000 0.007013
1.049000 0.007013
1.050000 0.006812
1.051000 0.006812
1.052000 0.006812
1.053000 0.006612
1.054000 0.006612
1.055000 0.006412
1.056000 0.006412
1.057000 0.006412
1.058000 0.006211
1.059000 0.006211
1.060000 0.006011
1.061000 0.006011
1.062000 0.006011
1.063000 0.005811
1.064000 0.005811
1.065000 0.005811
1.066000 0.005610
1.067000 0.005610
1.068000 0.005410
1.069000 0.005410
1.070000 0.005410
1.071000 0.005210
1.072000 0.005210
1.073000 0.005210
1.074000 0.005210
1.075000 0.005009
1.076000 0.005009
1.077000 0.005009
1.078000 0.004809
1.079000 0.004809
1.080000 0.004809
1.081000 0.004608
1.082000 0.004608
1.083000 0.004608
1.084000 0.004608
1.085000 0.004408
1.086000 0.004408
1.087000 0.004408
1.088000 0.004408
1.089000 0.004208
1.090000 0.004208
1.091000 0.004208
1.092000 0.004007
1.093000 0.004007
1.094000 0.004007
1.095000 0.004007
1.096000 0.004007
1.097000 0.003807
1.098000 0.003807
1.099000 0.003807
