1100 64
0.000000 0.000000
0.001000 0.000000
0.002000 0.000000
0.003000 0.000000
0.004000 0.000000
0.005000 0.000000
0.006000 0.000000
0.007000 0.000000
0.008000 0.000000
0.009000 0.000000
0.010000 0.000000
0.011000 0.000000
0.012000 0.000000
0.013000 0.000000
0.014000 0.000000
0.015000 0.000000
0.016000 0.000000
0.017000 0.000000
0.018000 0.000000
0.019000 0.000000
0.020000 0.000000
0.021000 0.000000
0.022000 0.000000
0.023000 0.000000
0.024000 0.000000
0.025000 0.000000
0.026000 0.000000
0.027000 0.000000
0.028000 0.000000
0.029000 0.000000
0.030000 0.000000
0.031000 0.000000
0.032000 0.000000
0.033000 0.000000
0.034000 0.000000
0.035000 0.000000
0.036000 0.000000
0.037000 0.000000
0.038000 0.000000
0.039000 0.000000
0.040000 0.000000
0.041000 0.000000
0.042000 0.000000
0.043000 0.000000
0.044000 0.000000
0.045000 0.000000
0.046000 0.000000
0.047000 0.000000
0.048000 0.000000
0.049000 0.000000
0.050000 0.000000
0.051000 0.000000
0.052000 0.000000
0.053000 0.000000
0.054000 0.000000
0.055000 0.000000
0.056000 0.000000
0.057000 0.000000
0.058000 0.000000
0.059000 0.000000
0.060000 0.000000
0.061000 0.000000
0.062000 0.000000
0.063000 0.000000
0.064000 0.000000
0.065000 0.000000
0.066000 0.000000
0.067000 0.000000
0.068000 0.000000
0.069000 0.000000
0.070000 0.000000
0.071000 0.000000
0.072000 0.000000
0.073000 0.000000
0.074000 0.000000
0.075000 0.000000
0.076000 0.000000
0.077000 0.000000
0.078000 0.000000
0.079000 0.000000
0.080000 0.000000
0.081000 0.000000
0.082000 0.000000
0.083000 0.000000
0.084000 0.000000
0.085000 0.000000
0.086000 0.000000
0.087000 0.000000
0.088000 0.000000
0.089000 0.000000
0.090000 0.000000
0.091000 0.000000
0.092000 0.000000
0.093000 0.000000
0.094000 0.000000
0.095000 0.000000
0.096000 0.000000
0.097000 0.000000
0.098000 0.000000
0.099000 0.000000
0.100000 0.000000
0.101000 0.037388
0.102000 0.149552
0.103000 0.336221
0.104000 0.597394
0.105000 0.932260
0.106000 1.340819
0.107000 1.821985
0.108000 2.375490
0.109000 3.000248
0.110000 3.695447
0.111000 4.460003
0.112000 5.292833
0.113000 6.193124
0.114000 7.159251
0.115000 8.189858
0.116000 9.283591
0.117000 10.439095
0.118000 11.654746
0.119000 12.928916
0.120000 14.259710
0.121000 15.646045
0.122000 17.085481
0.123000 18.576664
0.124000 20.117427
0.125000 21.706415
0.126000 23.341190
0.127000 25.020125
0.128000 26.741055
0.129000 28.502352
0.130000 30.302122
0.131000 32.137924
0.132000 34.008406
0.133000 35.911398
0.134000 37.844734
0.135000 39.807060
0.136000 41.795937
0.137000 43.809738
0.138000 45.846840
0.139000 47.905074
0.140000 49.982814
0.141000 52.078165
0.142000 54.189771
0.143000 56.315737
0.144000 58.454436
0.145000 60.604243
0.146000 62.763533
0.147000 64.930951
0.148000 67.104870
0.149000 69.284209
0.150000 71.467069
0.151000 73.652638
0.152000 75.839292
0.153000 78.025945
0.154000 80.211244
0.155000 82.394375
0.156000 84.573984
0.157000 86.748988
0.158000 88.918572
0.159000 91.081384
0.160000 93.237152
0.161000 95.384521
0.162000 97.522678
0.163000 99.651082
0.164000 101.768920
0.165000 103.875108
0.166000 105.969646
0.167000 108.051450
0.168000 110.119979
0.169000 112.174962
0.170000 114.215585
0.171000 116.241308
0.172000 118.251859
0.173000 120.246966
0.174000 122.226089
0.175000 124.188686
0.176000 126.134756
0.177000 128.064028
0.178000 129.975961
0.179000 131.870284
0.180000 133.746997
0.181000 135.605828
0.182000 137.446778
0.183000 139.269306
0.184000 141.073681
0.185000 142.859633
0.186000 144.627162
0.187000 146.375726
0.188000 148.106138
0.189000 149.817585
0.190000 151.510338
0.191000 153.184397
0.192000 154.839762
0.193000 156.476433
0.194000 158.094681
0.195000 159.693964
0.196000 161.275095
0.197000 162.837532
0.198000 164.381546
0.199000 165.907137
0.200000 167.414847
0.201000 168.904134
0.202000 170.375539
0.203000 171.828793
0.204000 173.264436
0.205000 174.682469
0.206000 176.082891
0.207000 177.465975
0.208000 178.831718
0.209000 180.180665
0.210000 181.512272
0.211000 182.827353
0.212000 184.125636
0.213000 185.407663
0.214000 186.673164
0.215000 187.922409
0.216000 189.155941
0.217000 190.373487
0.218000 191.575320
0.219000 192.761981
0.220000 193.933200
0.221000 195.089246
0.222000 196.230391
0.223000 197.356636
0.224000 198.468250
0.225000 199.565505
0.226000 200.648672
0.227000 201.717479
0.228000 202.772741
0.229000 203.813914
0.230000 204.841812
0.231000 205.856163
0.232000 206.857239
0.233000 207.845311
0.234000 208.820648
0.235000 209.782982
0.236000 210.733123
0.237000 211.670802
0.238000 212.596019
0.239000 213.509585
0.240000 214.410960
0.241000 215.300685
0.242000 216.179031
0.243000 217.045998
0.244000 217.901586
0.245000 218.746066
0.246000 219.579438
0.247000 220.402244
0.248000 221.214483
0.249000 222.016157
0.250000 222.807535
0.251000 223.588618
0.252000 224.359948
0.253000 225.120982
0.254000 225.872534
0.255000 226.614333
0.256000 227.346649
0.257000 228.069754
0.258000 228.783647
0.259000 229.488329
0.260000 230.184070
0.261000 230.870870
0.262000 231.549001
0.263000 232.218733
0.264000 232.879795
0.265000 233.532459
0.266000 234.176994
0.267000 234.813673
0.268000 235.441953
0.269000 236.062648
0.270000 236.675485
0.271000 237.280736
0.272000 237.878402
0.273000 238.468481
0.274000 239.051245
0.275000 239.626966
0.276000 240.195371
0.277000 240.756732
0.278000 241.311320
0.279000 241.858864
0.280000 242.399905
0.281000 242.934174
0.282000 243.461669
0.283000 243.982933
0.284000 244.497694
0.285000 245.006225
0.286000 245.508524
0.287000 246.004591
0.288000 246.494699
0.289000 246.978846
0.290000 247.457032
0.291000 247.929529
0.292000 248.396066
0.293000 248.857184
0.294000 249.312341
0.295000 249.762351
0.296000 250.206672
0.297000 250.645574
0.298000 251.079329
0.299000 251.507664
0.300000 251.930853
0.301000 252.348622
0.302000 252.761515
0.303000 253.169532
0.304000 253.572400
0.305000 253.970392
0.306000 254.363508
0.307000 254.751746
0.308000 255.135108
0.309000 255.513865
0.310000 255.888015
0.311000 256.257560
0.312000 256.622228
0.313000 256.982561
0.314000 257.338288
0.315000 257.689681
0.316000 258.036468
0.317000 258.378920
0.318000 258.717037
0.319000 259.050548
0.320000 259.379996
0.321000 259.705108
0.322000 260.025886
0.323000 260.342329
0.324000 260.654708
0.325000 260.962752
0.326000 261.266732
0.327000 261.566378
0.328000 261.861959
0.329000 262.153477
0.330000 262.440660
0.331000 262.723779
0.332000 263.002834
0.333000 263.277554
0.334000 263.548210
0.335000 263.814803
0.336000 264.077060
0.337000 264.335254
0.338000 264.589383
0.339000 264.839178
0.340000 265.084909
0.341000 265.326305
0.342000 265.563638
0.343000 265.796635
0.344000 266.025298
0.345000 266.249625
0.346000 266.469618
0.347000 266.685005
0.348000 266.896328
0.349000 267.103046
0.350000 267.305158
0.351000 267.502934
0.352000 267.695835
0.353000 267.884129
0.354000 268.067818
0.355000 268.246629
0.356000 268.420565
0.357000 268.589623
0.358000 268.753805
0.359000 268.912839
0.360000 269.066726
0.361000 269.215194
0.362000 269.358515
0.363000 269.496417
0.364000 269.628629
0.365000 269.755152
0.366000 269.876256
0.367000 269.991401
0.368000 270.100584
0.369000 270.203537
0.370000 270.300258
0.371000 270.391018
0.372000 270.475006
0.373000 270.552220
0.374000 270.622932
0.375000 270.686600
0.376000 270.743223
0.377000 270.792803
0.378000 270.834797
0.379000 270.869205
0.380000 270.895755
0.381000 270.914449
0.382000 270.925016
0.383000 270.927183
0.384000 270.920952
0.385000 270.905780
0.386000 270.881667
0.387000 270.848343
0.388000 270.805537
0.389000 270.753248
0.390000 270.690935
0.391000 270.618597
0.392000 270.535693
0.393000 270.441952
0.394000 270.337645
0.395000 270.221960
0.396000 270.094624
0.397000 269.955638
0.398000 269.804461
0.399000 269.641092
0.400000 269.464989
0.401000 269.275882
0.402000 269.073228
0.403000 268.857028
0.404000 268.627011
0.405000 268.382635
0.406000 268.123358
0.407000 267.849179
0.408000 267.559829
0.409000 267.254494
0.410000 266.933174
0.411000 266.595328
0.412000 266.240956
0.413000 265.868973
0.414000 265.479650
0.415000 265.072176
0.416000 264.646549
0.417000 264.201958
0.418000 263.738401
0.419000 263.255067
0.420000 262.752226
0.421000 262.228795
0.422000 261.684502
0.423000 261.119348
0.424000 260.532520
0.425000 259.924017
0.426000 259.293028
0.427000 258.639281
0.428000 257.962775
0.429000 257.262700
0.430000 256.538782
0.431000 255.790752
0.432000 255.018068
0.433000 254.220729
0.434000 253.397923
0.435000 252.549921
0.436000 251.675639
0.437000 250.775619
0.438000 249.848777
0.439000 248.895384
0.440000 247.914628
0.441000 246.907050
0.442000 245.871566
0.443000 244.808448
0.444000 243.717424
0.445000 242.598495
0.446000 241.451118
0.447000 240.275294
0.448000 239.071023
0.449000 237.838033
0.450000 236.576325
0.451000 235.285899
0.452000 233.966755
0.453000 232.619163
0.454000 231.242582
0.455000 229.837283
0.456000 228.403807
0.457000 226.941613
0.458000 225.451513
0.459000 223.933238
0.460000 222.387327
0.461000 220.813511
0.462000 219.212873
0.463000 217.585143
0.464000 215.930590
0.465000 214.250300
0.466000 212.544001
0.467000 210.812505
0.468000 209.056355
0.469000 207.275822
0.470000 205.471447
0.471000 203.644314
0.472000 201.794423
0.473000 199.922858
0.474000 198.030161
0.475000 196.116873
0.476000 194.184078
0.477000 192.232319
0.478000 190.262407
0.479000 188.275427
0.480000 186.271921
0.481000 184.252700
0.482000 182.219121
0.483000 180.171724
0.484000 178.111323
0.485000 176.039272
0.486000 173.956113
0.487000 171.863200
0.488000 169.761347
0.489000 167.651637
0.490000 165.534883
0.491000 163.412169
0.492000 161.284578
0.493000 159.153193
0.494000 157.019100
0.495000 154.882839
0.496000 152.745766
0.497000 150.608963
0.498000 148.473515
0.499000 146.339963
0.500000 144.209663
0.501000 142.083426
0.502000 139.962337
0.503000 137.847209
0.504000 135.739124
0.505000 133.638897
0.506000 131.547339
0.507000 129.465264
0.508000 127.393754
0.509000 125.333624
0.510000 123.285415
0.511000 121.250210
0.512000 119.228280
0.513000 117.220981
0.514000 115.228311
0.515000 113.251626
0.516000 111.291197
0.517000 109.347566
0.518000 107.421273
0.519000 105.513404
0.520000 103.623687
0.521000 101.753477
0.522000 99.902502
0.523000 98.071305
0.524000 96.260699
0.525000 94.470954
0.526000 92.702071
0.527000 90.954590
0.528000 89.228784
0.529000 87.524923
0.530000 85.843278
0.531000 84.184120
0.532000 82.547449
0.533000 80.933536
0.534000 79.342380
0.535000 77.774254
0.536000 76.229156
0.537000 74.707358
0.538000 73.208589
0.539000 71.733119
0.540000 70.280679
0.541000 68.851538
0.542000 67.445426
0.543000 66.062613
0.544000 64.702559
0.545000 63.365533
0.546000 62.051266
0.547000 60.759756
0.548000 59.490733
0.549000 58.244197
0.550000 57.019877
0.551000 55.817773
0.552000 54.637614
0.553000 53.478859
0.554000 52.341777
0.555000 51.226099
0.556000 50.131282
0.557000 49.057598
0.558000 48.004233
0.559000 46.971459
0.560000 45.958733
0.561000 44.965785
0.562000 43.992614
0.563000 43.038680
0.564000 42.103981
0.565000 41.187976
0.566000 40.290394
0.567000 39.411506
0.568000 38.550229
0.569000 37.706833
0.570000 36.881046
0.571000 36.072329
0.572000 35.280409
0.573000 34.505286
0.574000 33.746419
0.575000 33.003537
0.576000 32.276368
0.577000 31.564913
0.578000 30.868630
0.579000 30.187249
0.580000 29.520497
0.581000 28.868375
0.582000 28.230342
0.583000 27.606125
0.584000 26.995455
0.585000 26.398061
0.586000 25.813942
0.587000 25.242557
0.588000 24.683905
0.589000 24.137445
0.590000 23.603176
0.591000 23.080829
0.592000 22.569860
0.593000 22.070270
0.594000 21.582059
0.595000 21.104686
0.596000 20.637878
0.597000 20.181366
0.598000 19.735420
0.599000 19.299227
0.600000 18.873058
0.601000 18.456372
0.602000 18.048898
0.603000 17.650906
0.604000 17.261584
0.605000 16.881473
0.606000 16.509490
0.607000 16.146176
0.608000 15.790991
0.609000 15.443933
0.610000 15.104732
0.611000 14.773388
0.612000 14.449359
0.613000 14.132646
0.614000 13.822976
0.615000 13.520621
0.616000 13.225040
0.617000 12.936231
0.618000 12.653925
0.619000 12.377850
0.620000 12.108278
0.621000 11.844666
0.622000 11.587285
0.623000 11.335593
0.624000 11.089591
0.625000 10.849008
0.626000 10.614114
0.627000 10.384368
0.628000 10.160040
0.629000 9.940860
0.630000 9.726286
0.631000 9.516859
0.632000 9.312038
0.633000 9.112094
0.634000 8.916485
0.635000 8.725210
0.636000 8.538270
0.637000 8.355665
0.638000 8.177124
0.639000 8.002647
0.640000 7.831963
0.641000 7.665343
0.642000 7.502245
0.643000 7.342939
0.644000 7.187156
0.645000 7.035166
0.646000 6.886156
0.647000 6.740668
0.648000 6.598432
0.649000 6.459446
0.650000 6.323440
0.651000 6.190686
0.652000 6.060641
0.653000 5.933576
0.654000 5.809492
0.655000 5.687845
0.656000 5.569179
0.657000 5.452951
0.658000 5.339433
0.659000 5.228624
0.660000 5.119982
0.661000 5.013778
0.662000 4.910013
0.663000 4.808416
0.664000 4.709256
0.665000 4.611993
0.666000 4.517169
0.667000 4.424241
0.668000 4.333480
0.669000 4.244616
0.670000 4.157649
0.671000 4.072577
0.672000 3.989403
0.673000 3.908125
0.674000 3.828743
0.675000 3.750716
0.676000 3.674585
0.677000 3.600080
0.678000 3.527201
0.679000 3.455947
0.680000 3.386319
0.681000 3.318045
0.682000 3.251397
0.683000 3.185833
0.684000 3.122165
0.685000 3.059581
0.686000 2.998351
0.687000 2.938476
0.688000 2.879685
0.689000 2.822519
0.690000 2.766437
0.691000 2.711439
0.692000 2.657525
0.693000 2.604965
0.694000 2.553489
0.695000 2.503096
0.696000 2.453787
0.697000 2.405562
0.698000 2.358150
0.699000 2.311822
0.700000 2.266577
0.701000 2.222145
0.702000 2.178796
0.703000 2.136261
0.704000 2.094809
0.705000 2.053899
0.706000 2.014073
0.707000 1.975059
0.708000 1.936858
0.709000 1.899470
0.710000 1.862624
0.711000 1.826862
0.712000 1.791641
0.713000 1.757234
0.714000 1.723368
0.715000 1.690586
0.716000 1.658074
0.717000 1.626376
0.718000 1.595490
0.719000 1.565146
0.720000 1.535344
0.721000 1.506084
0.722000 1.477637
0.723000 1.449460
0.724000 1.422097
0.725000 1.395275
0.726000 1.368995
0.727000 1.343257
0.728000 1.318061
0.729000 1.293135
0.730000 1.269023
0.731000 1.245181
0.732000 1.222153
0.733000 1.199124
0.734000 1.176908
0.735000 1.154963
0.736000 1.133559
0.737000 1.112427
0.738000 1.091837
0.739000 1.071788
0.740000 1.052010
0.741000 1.032503
0.742000 1.013539
0.743000 0.994845
0.744000 0.976692
0.745000 0.958811
0.746000 0.941201
0.747000 0.923862
0.748000 0.907064
0.749000 0.890538
0.750000 0.874282
0.751000 0.858568
0.752000 0.842854
0.753000 0.827683
0.754000 0.812782
0.755000 0.797881
0.756000 0.783521
0.757000 0.769433
0.758000 0.755616
0.759000 0.742070
0.760000 0.728794
0.761000 0.715790
0.762000 0.703056
0.763000 0.690322
0.764000 0.678131
0.765000 0.665939
0.766000 0.654289
0.767000 0.642639
0.768000 0.631260
0.769000 0.619881
0.770000 0.609044
0.771000 0.598207
0.772000 0.587641
0.773000 0.577346
0.774000 0.567322
0.775000 0.557297
0.776000 0.547544
0.777000 0.538061
0.778000 0.528579
0.779000 0.519367
0.780000 0.510156
0.781000 0.501486
0.782000 0.492546
0.783000 0.484147
0.784000 0.475748
0.785000 0.467620
0.786000 0.459493
0.787000 0.451636
0.788000 0.443779
0.789000 0.436193
0.790000 0.428607
0.791000 0.421292
0.792000 0.413977
0.793000 0.406933
0.794000 0.399889
0.795000 0.393115
0.796000 0.386342
0.797000 0.379840
0.798000 0.373338
0.799000 0.367106
0.800000 0.360875
0.801000 0.354915
0.802000 0.348683
0.803000 0.342994
0.804000 0.337033
0.805000 0.331344
0.806000 0.325925
0.807000 0.320507
0.808000 0.315088
0.809000 0.309670
0.810000 0.304522
0.811000 0.299645
0.812000 0.294498
0.813000 0.289621
0.814000 0.284744
0.815000 0.280139
0.816000 0.275533
0.817000 0.270927
0.818000 0.266321
0.819000 0.261987
0.820000 0.257652
0.821000 0.253317
0.822000 0.249253
0.823000 0.245189
0.824000 0.241125
0.825000 0.237332
0.826000 0.233268
0.827000 0.229475
0.828000 0.225682
0.829000 0.222160
0.830000 0.218367
0.831000 0.214845
0.832000 0.211594
0.833000 0.208072
0.834000 0.204550
0.835000 0.201299
0.836000 0.198048
0.837000 0.194797
0.838000 0.191816
0.839000 0.188836
0.840000 0.185585
0.841000 0.182605
0.842000 0.179896
0.843000 0.176915
0.844000 0.174206
0.845000 0.171226
0.846000 0.168517
0.847000 0.165807
0.848000 0.163369
0.849000 0.160660
0.850000 0.158221
0.851000 0.155512
0.852000 0.153074
0.853000 0.150636
0.854000 0.148468
0.855000 0.146030
0.856000 0.143862
0.857000 0.141424
0.858000 0.139257
0.859000 0.137089
0.860000 0.134922
0.861000 0.132754
0.862000 0.130858
0.863000 0.128690
0.864000 0.126794
0.865000 0.124897
0.866000 0.122730
0.867000 0.120834
0.868000 0.118937
0.869000 0.117311
0.870000 0.115415
0.871000 0.113518
0.872000 0.111893
0.873000 0.110267
0.874000 0.108371
0.875000 0.106745
0.876000 0.105120
0.877000 0.103494
0.878000 0.101869
0.879000 0.100514
0.880000 0.098888
0.881000 0.097263
0.882000 0.095908
0.883000 0.094554
0.884000 0.092928
0.885000 0.091573
0.886000 0.090219
0.887000 0.088864
0.888000 0.087509
0.889000 0.086155
0.890000 0.084800
0.891000 0.083716
0.892000 0.082362
0.893000 0.081007
0.894000 0.079924
0.895000 0.078840
0.896000 0.077485
0.897000 0.076401
0.898000 0.075318
0.899000 0.074234
0.900000 0.073150
0.901000 0.072067
0.902000 0.070983
0.903000 0.069899
0.904000 0.068816
0.905000 0.067732
0.906000 0.066919
0.907000 0.065835
0.908000 0.064752
0.909000 0.063939
0.910000 0.062855
0.911000 0.062042
0.912000 0.061230
0.913000 0.060146
0.914000 0.059333
0.915000 0.058520
0.916000 0.057707
0.917000 0.056895
0.918000 0.056082
0.919000 0.055269
0.920000 0.054456
0.921000 0.053644
0.922000 0.052831
0.923000 0.052018
0.924000 0.051205
0.925000 0.050663
0.926000 0.049851
0.927000 0.049038
0.928000 0.048496
0.929000 0.047683
0.930000 0.046870
0.931000 0.046329
0.932000 0.045787
0.933000 0.044974
0.934000 0.044432
0.935000 0.043619
0.936000 0.043077
0.937000 0.042536
0.938000 0.041994
0.939000 0.041181
0.940000 0.040639
0.941000 0.040097
0.942000 0.039555
0.943000 0.039014
0.944000 0.038472
0.945000 0.037930
0.946000 0.037388
0.947000 0.036846
0.948000 0.036304
0.949000 0.035762
0.950000 0.035221
0.951000 0.034950
0.952000 0.034408
0.953000 0.033866
0.954000 0.033324
0.955000 0.033053
0.956000 0.032511
0.957000 0.031969
0.958000 0.031698
0.959000 0.031157
0.960000 0.030615
0.961000 0.030344
0.962000 0.029802
0.963000 0.029531
0.964000 0.028989
0.965000 0.028718
0.966000 0.028176
0.967000 0.027905
0.968000 0.027364
0.969000 0.027093
0.970000 0.026822
0.971000 0.026280
0.972000 0.026009
0.973000 0.025738
0.974000 0.025196
0.975000 0.024925
0.976000 0.024654
0.977000 0.024383
0.978000 0.023842
0.979000 0.023571
0.980000 0.023300
0.981000 0.023029
0.982000 0.022758
0.983000 0.022487
0.984000 0.022216
0.985000 0.021674
0.986000 0.021403
0.987000 0.021132
0.988000 0.020861
0.989000 0.020590
0.990000 0.020320
0.991000 0.020049
0.992000 0.019778
0.993000 0.019507
0.994000 0.019236
0.995000 0.018965
0.996000 0.018694
0.997000 0.018423
0.998000 0.018423
0.999000 0.018152
1.000000 0.017881
1.001000 0.017610
1.002000 0.017339
1.003000 0.017068
1.004000 0.016797
1.005000 0.016797
1.006000 0.016527
1.007000 0.016256
1.008000 0.015985
1.009000 0.015714
1.010000 0.015714
1.011000 0.015443
1.012000 0.015172
1.013000 0.014901
1.014000 0.014901
1.015000 0.014630
1.016000 0.014359
1.017000 0.014359
1.018000 0.014088
1.019000 0.013817
1.020000 0.013817
1.021000 0.013546
1.022000 0.013275
1.023000 0.013275
1.024000 0.013005
1.025000 0.012734
1.026000 0.012734
1.027000 0.012463
1.028000 0.012463
1.029000 0.012192
1.030000 0.011921
1.031000 0.011921
1.032000 0.011650
1.033000 0.011650
1.034000 0.011379
1.035000 0.011379
1.036000 0.011108
1.037000 0.011108
1.038000 0.010837
1.039000 0.010837
1.040000 0.010566
1.041000 0.010566
1.042000 0.010295
1.043000 0.010295
1.044000 0.010024
1.045000 0.010024
1.046000 0.009753
1.047000 0.009753
1.048000 0.009482
1.049000 0.009482
1.050000 0.009212
1.051000 0.009212
1.052000 0.009212
1.053000 0.008941
1.054000 0.008941
1.055000 0.008670
1.056000 0.008670
1.057000 0.008670
1.058000 0.008399
1.059000 0.008399
1.060000 0.008128
1.061000 0.008128
1.062000 0.008128
1.063000 0.007857
1.064000 0.007857
1.065000 0.007857
1.066000 0.007586
1.067000 0.007586
1.068000 0.007315
1.069000 0.007315
1.070000 0.007315
1.071000 0.007044
1.072000 0.007044
1.073000 0.007044
1.074000 0.007044
1.075000 0.006773
1.076000 0.006773
1.077000 0.006773
1.078000 0.006502
1.079000 0.006502
1.080000 0.006502
1.081000 0.006231
1.082000 0.006231
1.083000 0.006231
1.084000 0.006231
1.085000 0.005960
1.086000 0.005960
1.087000 0.005960
1.088000 0.005960
1.089000 0.005689
1.090000 0.005689
1.091000 0.005689
1.092000 0.005419
1.093000 0.005419
1.094000 0.005419
1.095000 0.005419
1.096000 0.005419
1.097000 0.005148
1.098000 0.005148
1.099000 0.005148
