1100 64
0.000000 0.000000
0.001000 0.000000
0.002000 0.000000
0.003000 0.000000
0.004000 0.000000
0.005000 0.000000
0.006000 0.000000
0.007000 0.000000
0.008000 0.000000
0.009000 0.000000
0.010000 0.000000
0.011000 0.000000
0.012000 0.000000
0.013000 0.000000
0.014000 0.000000
0.015000 0.000000
0.016000 0.000000
0.017000 0.000000
0.018000 0.000000
0.019000 0.000000
0.020000 0.000000
0.021000 0.000000
0.022000 0.000000
0.023000 0.000000
0.024000 0.000000
0.025000 0.000000
0.026000 0.000000
0.027000 0.000000
0.028000 0.000000
0.029000 0.000000
0.030000 0.000000
0.031000 0.000000
0.032000 0.000000
0.033000 0.000000
0.034000 0.000000
0.035000 0.000000
0.036000 0.000000
0.037000 0.000000
0.038000 0.000000
0.039000 0.000000
0.040000 0.000000
0.041000 0.000000
0.042000 0.000000
0.043000 0.000000
0.044000 0.000000
0.045000 0.000000
0.046000 0.000000
0.047000 0.000000
0.048000 0.000000
0.049000 0.000000
0.050000 0.000000
0.051000 0.000000
0.052000 0.000000
0.053000 0.000000
0.054000 0.000000
0.055000 0.000000
0.056000 0.000000
0.057000 0.000000
0.058000 0.000000
0.059000 0.000000
0.060000 0.000000
0.061000 0.000000
0.062000 0.000000
0.063000 0.000000
0.064000 0.000000
0.065000 0.000000
0.066000 0.000000
0.067000 0.000000
0.068000 0.000000
0.069000 0.000000
0.070000 0.000000
0.071000 0.000000
0.072000 0.000000
0.073000 0.000000
0.074000 0.000000
0.075000 0.000000
0.076000 0.000000
0.077000 0.000000
0.078000 0.000000
0.079000 0.000000
0.080000 0.000000
0.081000 0.000000
0.082000 0.000000
0.083000 0.000000
0.084000 0.000000
0.085000 0.000000
0.086000 0.000000
0.087000 0.000000
0.088000 0.000000
0.089000 0.000000
0.090000 0.000000
0.091000 0.000000
0.092000 0.000000
0.093000 0.000000
0.094000 0.000000
0.095000 0.000000
0.096000 0.000000
0.097000 0.000000
0.098000 0.000000
0.099000 0.000000
0.100000 0.000000
0.101000 0.040590
0.102000 0.162360
0.103000 0.365016
0.104000 0.648558
0.105000 1.012103
0.106000 1.455652
0.107000 1.978028
0.108000 2.578937
0.109000 3.257202
0.110000 4.011941
0.111000 4.841977
0.112000 5.746134
0.113000 6.723530
0.114000 7.772400
0.115000 8.891272
0.116000 10.078678
0.117000 11.333144
0.118000 12.652908
0.119000 14.036204
0.120000 15.480973
0.121000 16.986039
0.122000 18.548755
0.123000 20.167650
0.124000 21.840370
0.125000 23.565446
0.126000 25.340229
0.127000 27.162957
0.128000 29.031274
0.129000 30.943416
0.130000 32.897326
0.131000 34.890354
0.132000 36.921032
0.133000 38.987005
0.134000 41.085920
0.135000 43.216308
0.136000 45.375520
0.137000 47.561793
0.138000 49.773360
0.139000 52.007870
0.140000 54.263557
0.141000 56.538363
0.142000 58.830817
0.143000 61.138859
0.144000 63.460726
0.145000 65.794652
0.146000 68.138872
0.147000 70.491916
0.148000 72.852020
0.149000 75.218006
0.150000 77.587816
0.151000 79.960567
0.152000 82.334495
0.153000 84.708423
0.154000 87.080880
0.155000 89.450984
0.156000 91.817264
0.157000 94.178544
0.158000 96.533941
0.159000 98.881986
0.160000 101.222382
0.161000 103.553661
0.162000 105.874939
0.163000 108.185629
0.164000 110.484848
0.165000 112.771419
0.166000 115.045342
0.167000 117.305441
0.168000 119.551128
0.169000 121.782108
0.170000 123.997499
0.171000 126.196713
0.172000 128.379456
0.173000 130.545434
0.174000 132.694057
0.175000 134.824739
0.176000 136.937479
0.177000 139.031983
0.178000 141.107662
0.179000 143.164223
0.180000 145.201665
0.181000 147.219695
0.182000 149.218312
0.183000 151.196928
0.184000 153.155838
0.185000 155.094746
0.186000 157.013654
0.187000 158.911972
0.188000 160.790584
0.189000 162.648607
0.190000 164.486335
0.191000 166.303767
0.192000 168.100905
0.193000 169.877748
0.194000 171.634589
0.195000 173.370842
0.196000 175.087388
0.197000 176.783639
0.198000 178.459889
0.199000 180.116138
0.200000 181.752975
0.201000 183.369810
0.202000 184.967233
0.203000 186.544950
0.204000 188.103547
0.205000 189.643027
0.206000 191.163388
0.207000 192.664924
0.208000 194.147636
0.209000 195.612112
0.210000 197.057764
0.211000 198.485473
0.212000 199.894947
0.213000 201.286773
0.214000 202.660657
0.215000 204.016893
0.216000 205.356069
0.217000 206.677892
0.218000 207.982655
0.219000 209.270947
0.220000 210.542473
0.221000 211.797528
0.222000 213.036406
0.223000 214.259107
0.224000 215.465924
0.225000 216.657153
0.226000 217.833087
0.227000 218.993432
0.228000 220.139071
0.229000 221.269414
0.230000 222.385346
0.231000 223.486570
0.232000 224.573383
0.233000 225.646077
0.234000 226.704947
0.235000 227.749699
0.236000 228.781214
0.237000 229.799200
0.238000 230.803656
0.239000 231.795464
0.240000 232.774037
0.241000 233.739961
0.242000 234.693533
0.243000 235.634750
0.244000 236.563615
0.245000 237.480420
0.246000 238.385165
0.247000 239.278440
0.248000 240.160243
0.249000 241.030575
0.250000 241.889731
0.251000 242.737709
0.252000 243.575099
0.253000 244.401312
0.254000 245.217230
0.255000 246.022559
0.256000 246.817594
0.257000 247.602629
0.258000 248.377663
0.259000 249.142696
0.260000 249.898023
0.261000 250.643644
0.262000 251.379853
0.263000 252.106944
0.264000 252.824622
0.265000 253.533183
0.266000 254.232919
0.267000 254.924126
0.268000 255.606215
0.269000 256.280068
0.270000 256.945391
0.271000 257.602479
0.272000 258.251331
0.273000 258.891947
0.274000 259.524622
0.275000 260.149650
0.276000 260.766736
0.277000 261.376174
0.278000 261.978259
0.279000 262.572697
0.280000 263.160076
0.281000 263.740101
0.282000 264.312773
0.283000 264.878681
0.284000 265.437529
0.285000 265.989612
0.286000 266.534930
0.287000 267.073483
0.288000 267.605565
0.289000 268.131176
0.290000 268.650317
0.291000 269.163280
0.292000 269.669773
0.293000 270.170383
0.294000 270.664523
0.295000 271.153074
0.296000 271.635448
0.297000 272.111939
0.298000 272.582842
0.299000 273.047863
0.300000 273.507295
0.301000 273.960844
0.302000 274.409099
0.303000 274.852059
0.304000 275.289432
0.305000 275.721509
0.306000 276.148293
0.307000 276.569782
0.308000 276.985977
0.309000 277.397171
0.310000 277.803365
0.311000 278.204559
0.312000 278.600459
0.313000 278.991653
0.314000 279.377846
0.315000 279.759334
0.316000 280.135821
0.317000 280.507602
0.318000 280.874677
0.319000 281.236751
0.320000 281.594414
0.321000 281.947371
0.322000 282.295621
0.323000 282.639166
0.324000 282.978298
0.325000 283.312725
0.326000 283.642739
0.327000 283.968048
0.328000 284.288944
0.329000 284.605429
0.330000 284.917207
0.331000 285.224573
0.332000 285.527528
0.333000 285.825776
0.334000 286.119613
0.335000 286.409037
0.336000 286.693755
0.337000 286.974062
0.338000 287.249956
0.339000 287.521145
0.340000 287.787921
0.341000 288.049991
0.342000 288.307650
0.343000 288.560602
0.344000 288.808848
0.345000 289.052388
0.346000 289.291222
0.347000 289.525056
0.348000 289.754478
0.349000 289.978900
0.350000 290.198321
0.351000 290.413036
0.352000 290.622457
0.353000 290.826878
0.354000 291.026299
0.355000 291.220425
0.356000 291.409256
0.357000 291.592794
0.358000 291.771037
0.359000 291.943692
0.360000 292.110758
0.361000 292.271941
0.362000 292.427536
0.363000 292.577249
0.364000 292.720785
0.365000 292.858144
0.366000 292.989620
0.367000 293.114625
0.368000 293.233160
0.369000 293.344930
0.370000 293.449934
0.371000 293.548468
0.372000 293.639648
0.373000 293.723476
0.374000 293.800244
0.375000 293.869364
0.376000 293.930838
0.377000 293.984664
0.378000 294.030254
0.379000 294.067608
0.380000 294.096433
0.381000 294.116728
0.382000 294.128199
0.383000 294.130552
0.384000 294.123787
0.385000 294.107316
0.386000 294.081138
0.387000 294.044960
0.388000 293.998488
0.389000 293.941721
0.390000 293.874071
0.391000 293.795538
0.392000 293.705534
0.393000 293.603765
0.394000 293.490524
0.395000 293.364931
0.396000 293.226689
0.397000 293.075800
0.398000 292.911675
0.399000 292.734315
0.400000 292.543130
0.401000 292.337827
0.402000 292.117817
0.403000 291.883101
0.404000 291.633384
0.405000 291.368078
0.406000 291.086595
0.407000 290.788935
0.408000 290.474804
0.409000 290.143319
0.410000 289.794480
0.411000 289.427699
0.412000 289.042976
0.413000 288.639135
0.414000 288.216469
0.415000 287.774097
0.416000 287.312018
0.417000 286.829350
0.418000 286.326092
0.419000 285.801363
0.420000 285.255457
0.421000 284.687197
0.422000 284.096289
0.423000 283.482732
0.424000 282.845645
0.425000 282.185028
0.426000 281.499998
0.427000 280.790261
0.428000 280.055817
0.429000 279.295784
0.430000 278.509867
0.431000 277.697773
0.432000 276.858912
0.433000 275.993286
0.434000 275.100011
0.435000 274.179383
0.436000 273.230224
0.437000 272.253122
0.438000 271.246901
0.439000 270.211856
0.440000 269.147103
0.441000 268.053232
0.442000 266.929065
0.443000 265.774896
0.444000 264.590433
0.445000 263.375674
0.446000 262.130031
0.447000 260.853504
0.448000 259.546094
0.449000 258.207506
0.450000 256.837740
0.451000 255.436796
0.452000 254.004674
0.453000 252.541669
0.454000 251.047191
0.455000 249.521536
0.456000 247.965292
0.457000 246.377869
0.458000 244.760151
0.459000 243.111843
0.460000 241.433534
0.461000 239.724930
0.462000 237.987207
0.463000 236.220070
0.464000 234.423815
0.465000 232.599617
0.466000 230.747183
0.467000 228.867395
0.468000 226.960841
0.469000 225.027815
0.470000 223.068905
0.471000 221.085289
0.472000 219.076965
0.473000 217.045111
0.474000 214.990315
0.475000 212.913165
0.476000 210.814838
0.477000 208.695921
0.478000 206.557298
0.479000 204.400145
0.480000 202.225049
0.481000 200.032894
0.482000 197.825150
0.483000 195.602406
0.484000 193.365543
0.485000 191.116032
0.486000 188.854463
0.487000 186.582304
0.488000 184.300439
0.489000 182.010045
0.490000 179.712003
0.491000 177.407490
0.492000 175.097683
0.493000 172.783758
0.494000 170.466891
0.495000 168.147672
0.496000 165.827570
0.497000 163.507762
0.498000 161.189425
0.499000 158.873147
0.500000 156.560399
0.501000 154.252062
0.502000 151.949314
0.503000 149.653037
0.504000 147.364407
0.505000 145.084307
0.506000 142.813619
0.507000 140.553226
0.508000 138.304304
0.509000 136.067735
0.510000 133.844108
0.511000 131.634599
0.512000 129.439503
0.513000 127.260290
0.514000 125.096959
0.515000 122.950983
0.516000 120.822654
0.517000 118.712562
0.518000 116.621293
0.519000 114.550026
0.520000 112.498465
0.521000 110.468082
0.522000 108.458582
0.523000 106.470554
0.524000 104.504879
0.525000 102.561853
0.526000 100.641475
0.527000 98.744333
0.528000 96.870721
0.529000 95.020934
0.530000 93.195266
0.531000 91.394010
0.532000 89.617167
0.533000 87.865032
0.534000 86.137603
0.535000 84.435175
0.536000 82.757749
0.537000 81.105617
0.538000 79.478487
0.539000 77.876652
0.540000 76.299818
0.541000 74.748280
0.542000 73.221742
0.543000 71.720500
0.544000 70.243964
0.545000 68.792430
0.546000 67.365603
0.547000 65.963482
0.548000 64.585775
0.549000 63.232480
0.550000 61.903304
0.551000 60.598247
0.552000 59.317014
0.553000 58.059018
0.554000 56.824552
0.555000 55.613322
0.556000 54.424741
0.557000 53.259102
0.558000 52.115522
0.559000 50.994296
0.560000 49.894836
0.561000 48.816848
0.562000 47.760331
0.563000 46.724697
0.564000 45.709947
0.565000 44.715491
0.566000 43.741037
0.567000 42.786877
0.568000 41.851836
0.569000 40.936208
0.570000 40.039698
0.571000 39.161718
0.572000 38.301975
0.573000 37.460467
0.574000 36.636607
0.575000 35.830101
0.576000 35.040655
0.577000 34.268268
0.578000 33.512353
0.579000 32.772614
0.580000 32.048759
0.581000 31.340787
0.582000 30.648109
0.583000 29.970433
0.584000 29.307462
0.585000 28.658904
0.586000 28.024759
0.587000 27.404438
0.588000 26.797940
0.589000 26.204679
0.590000 25.624654
0.591000 25.057570
0.592000 24.502840
0.593000 23.960463
0.594000 23.430440
0.595000 22.912182
0.596000 22.405395
0.597000 21.909785
0.598000 21.425646
0.599000 20.952096
0.600000 20.489428
0.601000 20.037056
0.602000 19.594683
0.603000 19.162605
0.604000 18.739940
0.605000 18.327275
0.606000 17.923433
0.607000 17.529004
0.608000 17.143399
0.609000 16.766618
0.610000 16.398367
0.611000 16.038645
0.612000 15.686865
0.613000 15.343026
0.614000 15.006835
0.615000 14.678585
0.616000 14.357689
0.617000 14.044146
0.618000 13.737662
0.619000 13.437943
0.620000 13.145283
0.621000 12.859094
0.622000 12.579670
0.623000 12.306422
0.624000 12.039352
0.625000 11.778164
0.626000 11.523153
0.627000 11.273730
0.628000 11.030190
0.629000 10.792238
0.630000 10.559287
0.631000 10.331924
0.632000 10.109561
0.633000 9.892493
0.634000 9.680131
0.635000 9.472474
0.636000 9.269524
0.637000 9.071280
0.638000 8.877448
0.639000 8.688028
0.640000 8.502726
0.641000 8.321836
0.642000 8.144769
0.643000 7.971820
0.644000 7.802695
0.645000 7.637688
0.646000 7.475916
0.647000 7.317968
0.648000 7.163550
0.649000 7.012661
0.650000 6.865007
0.651000 6.720883
0.652000 6.579700
0.653000 6.441753
0.654000 6.307041
0.655000 6.174977
0.656000 6.046148
0.657000 5.919966
0.658000 5.796725
0.659000 5.676426
0.660000 5.558479
0.661000 5.443180
0.662000 5.330528
0.663000 5.220229
0.664000 5.112577
0.665000 5.006984
0.666000 4.904039
0.667000 4.803152
0.668000 4.704618
0.669000 4.608143
0.670000 4.513727
0.671000 4.421370
0.672000 4.331072
0.673000 4.242833
0.674000 4.156653
0.675000 4.071943
0.676000 3.989293
0.677000 3.908407
0.678000 3.829286
0.679000 3.751929
0.680000 3.676338
0.681000 3.602217
0.682000 3.529861
0.683000 3.458681
0.684000 3.389560
0.685000 3.321616
0.686000 3.255143
0.687000 3.190140
0.688000 3.126314
0.689000 3.064252
0.690000 3.003367
0.691000 2.943659
0.692000 2.885127
0.693000 2.828065
0.694000 2.772180
0.695000 2.717472
0.696000 2.663940
0.697000 2.611585
0.698000 2.560112
0.699000 2.509816
0.700000 2.460696
0.701000 2.412459
0.702000 2.365398
0.703000 2.319219
0.704000 2.274217
0.705000 2.229804
0.706000 2.186567
0.707000 2.144212
0.708000 2.102739
0.709000 2.062149
0.710000 2.022148
0.711000 1.983322
0.712000 1.945085
0.713000 1.907731
0.714000 1.870964
0.715000 1.835375
0.716000 1.800079
0.717000 1.765666
0.718000 1.732135
0.719000 1.699192
0.720000 1.666838
0.721000 1.635072
0.722000 1.604188
0.723000 1.573598
0.724000 1.543891
0.725000 1.514772
0.726000 1.486242
0.727000 1.458299
0.728000 1.430945
0.729000 1.403885
0.730000 1.377708
0.731000 1.351824
0.732000 1.326823
0.733000 1.301822
0.734000 1.277703
0.735000 1.253879
0.736000 1.230642
0.737000 1.207700
0.738000 1.185346
0.739000 1.163580
0.740000 1.142109
0.741000 1.120932
0.742000 1.100342
0.743000 1.080047
0.744000 1.060341
0.745000 1.040928
0.746000 1.021810
0.747000 1.002985
0.748000 0.984749
0.749000 0.966807
0.750000 0.949159
0.751000 0.932100
0.752000 0.915040
0.753000 0.898569
0.754000 0.882392
0.755000 0.866214
0.756000 0.850626
0.757000 0.835331
0.758000 0.820330
0.759000 0.805624
0.760000 0.791211
0.761000 0.777093
0.762000 0.763269
0.763000 0.749445
0.764000 0.736209
0.765000 0.722973
0.766000 0.710325
0.767000 0.697678
0.768000 0.685324
0.769000 0.672971
0.770000 0.661205
0.771000 0.649440
0.772000 0.637969
0.773000 0.626792
0.774000 0.615909
0.775000 0.605027
0.776000 0.594438
0.777000 0.584143
0.778000 0.573849
0.779000 0.563848
0.780000 0.553848
0.781000 0.544436
0.782000 0.534729
0.783000 0.525611
0.784000 0.516493
0.785000 0.507669
0.786000 0.498845
0.787000 0.490316
0.788000 0.481786
0.789000 0.473550
0.790000 0.465315
0.791000 0.457373
0.792000 0.449431
0.793000 0.441784
0.794000 0.434137
0.795000 0.426783
0.796000 0.419430
0.797000 0.412371
0.798000 0.405312
0.799000 0.398547
0.800000 0.391782
0.801000 0.385311
0.802000 0.378546
0.803000 0.372369
0.804000 0.365898
0.805000 0.359722
0.806000 0.353839
0.807000 0.347956
0.808000 0.342074
0.809000 0.336191
0.810000 0.330603
0.811000 0.325308
0.812000 0.319720
0.813000 0.314426
0.814000 0.309131
0.815000 0.304131
0.816000 0.299131
0.817000 0.294131
0.818000 0.289130
0.819000 0.284424
0.820000 0.279718
0.821000 0.275012
0.822000 0.270600
0.823000 0.266188
0.824000 0.261776
0.825000 0.257658
0.826000 0.253246
0.827000 0.249129
0.828000 0.245011
0.829000 0.241187
0.830000 0.237069
0.831000 0.233246
0.832000 0.229716
0.833000 0.225892
0.834000 0.222069
0.835000 0.218539
0.836000 0.215009
0.837000 0.211480
0.838000 0.208244
0.839000 0.205009
0.840000 0.201479
0.841000 0.198244
0.842000 0.195303
0.843000 0.192067
0.844000 0.189126
0.845000 0.185891
0.846000 0.182949
0.847000 0.180008
0.848000 0.177361
0.849000 0.174419
0.850000 0.171772
0.851000 0.168831
0.852000 0.166184
0.853000 0.163537
0.854000 0.161184
0.855000 0.158536
0.856000 0.156183
0.857000 0.153536
0.858000 0.151183
0.859000 0.148830
0.860000 0.146477
0.861000 0.144124
0.862000 0.142065
0.863000 0.139712
0.864000 0.137653
0.865000 0.135594
0.866000 0.133241
0.867000 0.131182
0.868000 0.129123
0.869000 0.127359
0.870000 0.125300
0.871000 0.123241
0.872000 0.121476
0.873000 0.119711
0.874000 0.117652
0.875000 0.115887
0.876000 0.114123
0.877000 0.112358
0.878000 0.110593
0.879000 0.109122
0.880000 0.107358
0.881000 0.105593
0.882000 0.104122
0.883000 0.102652
0.884000 0.100887
0.885000 0.099416
0.886000 0.097945
0.887000 0.096475
0.888000 0.095004
0.889000 0.093534
0.890000 0.092063
0.891000 0.090886
0.892000 0.089416
0.893000 0.087945
0.894000 0.086769
0.895000 0.085592
0.896000 0.084121
0.897000 0.082945
0.898000 0.081768
0.899000 0.080592
0.900000 0.079415
0.901000 0.078239
0.902000 0.077062
0.903000 0.075886
0.904000 0.074709
0.905000 0.073533
0.906000 0.072650
0.907000 0.071474
0.908000 0.070297
0.909000 0.069415
0.910000 0.068238
0.911000 0.067356
0.912000 0.066474
0.913000 0.065297
0.914000 0.064415
0.915000 0.063532
0.916000 0.062650
0.917000 0.061767
0.918000 0.060885
0.919000 0.060003
0.920000 0.059120
0.921000 0.058238
0.922000 0.057355
0.923000 0.056473
0.924000 0.055591
0.925000 0.055002
0.926000 0.054120
0.927000 0.053238
0.928000 0.052649
0.929000 0.051767
0.930000 0.050885
0.931000 0.050296
0.932000 0.049708
0.933000 0.048826
0.934000 0.048237
0.935000 0.047355
0.936000 0.046767
0.937000 0.046178
0.938000 0.045590
0.939000 0.044708
0.940000 0.044120
0.941000 0.043531
0.942000 0.042943
0.943000 0.042355
0.944000 0.041767
0.945000 0.041178
0.946000 0.040590
0.947000 0.040002
0.948000 0.039413
0.949000 0.038825
0.950000 0.038237
0.951000 0.037943
0.952000 0.037355
0.953000 0.036766
0.954000 0.036178
0.955000 0.035884
0.956000 0.035296
0.957000 0.034707
0.958000 0.034413
0.959000 0.033825
0.960000 0.033237
0.961000 0.032943
0.962000 0.032354
0.963000 0.032060
0.964000 0.031472
0.965000 0.031178
0.966000 0.030590
0.967000 0.030295
0.968000 0.029707
0.969000 0.029413
0.970000 0.029119
0.971000 0.028531
0.972000 0.028237
0.973000 0.027942
0.974000 0.027354
0.975000 0.027060
0.976000 0.026766
0.977000 0.026472
0.978000 0.025883
0.979000 0.025589
0.980000 0.025295
0.981000 0.025001
0.982000 0.024707
0.983000 0.024413
0.984000 0.024119
0.985000 0.023530
0.986000 0.023236
0.987000 0.022942
0.988000 0.022648
0.989000 0.022354
0.990000 0.022060
0.991000 0.021766
0.992000 0.021472
0.993000 0.021177
0.994000 0.020883
0.995000 0.020589
0.996000 0.020295
0.997000 0.020001
0.998000 0.020001
0.999000 0.019707
1.000000 0.019413
1.001000 0.019118
1.002000 0.018824
1.003000 0.018530
1.004000 0.018236
1.005000 0.018236
1.006000 0.017942
1.007000 0.017648
1.008000 0.017354
1.009000 0.017060
1.010000 0.017060
1.011000 0.016765
1.012000 0.016471
1.013000 0.016177
1.014000 0.016177
1.015000 0.015883
1.016000 0.015589
1.017000 0.015589
1.018000 0.015295
1.019000 0.015001
1.020000 0.015001
1.021000 0.014707
1.022000 0.014412
1.023000 0.014412
1.024000 0.014118
1.025000 0.013824
1.026000 0.013824
1.027000 0.013530
1.028000 0.013530
1.029000 0.013236
1.030000 0.012942
1.031000 0.012942
1.032000 0.012648
1.033000 0.012648
1.034000 0.012353
1.035000 0.012353
1.036000 0.012059
1.037000 0.012059
1.038000 0.011765
1.039000 0.011765
1.040000 0.011471
1.041000 0.011471
1.042000 0.011177
1.043000 0.011177
1.044000 0.010883
1.045000 0.010883
1.046000 0.010589
1.047000 0.010589
1.048000 0.010295
1.049000 0.010295
1.050000 0.010000
1.051000 0.010000
1.052000 0.010000
1.053000 0.009706
1.054000 0.009706
1.055000 0.009412
1.056000 0.009412
1.057000 0.009412
1.058000 0.009118
1.059000 0.009118
1.060000 0.008824
1.061000 0.008824
1.062000 0.008824
1.063000 0.008530
1.064000 0.008530
1.065000 0.008530
1.066000 0.008236
1.067000 0.008236
1.068000 0.007942
1.069000 0.007942
1.070000 0.007942
1.071000 0.007647
1.072000 0.007647
1.073000 0.007647
1.074000 0.007647
1.075000 0.007353
1.076000 0.007353
1.077000 0.007353
1.078000 0.007059
1.079000 0.007059
1.080000 0.007059
1.081000 0.006765
1.082000 0.006765
1.083000 0.006765
1.084000 0.006765
1.085000 0.006471
1.086000 0.006471
1.087000 0.006471
1.088000 0.006471
1.089000 0.006177
1.090000 0.006177
1.091000 0.006177
1.092000 0.005883
1.093000 0.005883
1.094000 0.005883
1.095000 0.005883
1.096000 0.005883
1.097000 0.005588
1.098000 0.005588
1.099000 0.005588
