1100 64
0.000000 0.000000
0.001000 0.000000
0.002000 0.000000
0.003000 0.000000
0.004000 0.000000
0.005000 0.000000
0.006000 0.000000
0.007000 0.000000
0.008000 0.000000
0.009000 0.000000
0.010000 0.000000
0.011000 0.000000
0.012000 0.000000
0.013000 0.000000
0.014000 0.000000
0.015000 0.000000
0.016000 0.000000
0.017000 0.000000
0.018000 0.000000
0.019000 0.000000
0.020000 0.000000
0.021000 0.000000
0.022000 0.000000
0.023000 0.000000
0.024000 0.000000
0.025000 0.000000
0.026000 0.000000
0.027000 0.000000
0.028000 0.000000
0.029000 0.000000
0.030000 0.000000
0.031000 0.000000
0.032000 0.000000
0.033000 0.000000
0.034000 0.000000
0.035000 0.000000
0.036000 0.000000
0.037000 0.000000
0.038000 0.000000
0.039000 0.000000
0.040000 0.000000
0.041000 0.000000
0.042000 0.000000
0.043000 0.000000
0.044000 0.000000
0.045000 0.000000
0.046000 0.000000
0.047000 0.000000
0.048000 0.000000
0.049000 0.000000
0.050000 0.000000
0.051000 0.000000
0.052000 0.000000
0.053000 0.000000
0.054000 0.000000
0.055000 0.000000
0.056000 0.000000
0.057000 0.000000
0.058000 0.000000
0.059000 0.000000
0.060000 0.000000
0.061000 0.000000
0.062000 0.000000
0.063000 0.000000
0.064000 0.000000
0.065000 0.000000
0.066000 0.000000
0.067000 0.000000
0.068000 0.000000
0.069000 0.000000
0.070000 0.000000
0.071000 0.000000
0.072000 0.000000
0.073000 0.000000
0.074000 0.000000
0.075000 0.000000
0.076000 0.000000
0.077000 0.000000
0.078000 0.000000
0.079000 0.000000
0.080000 0.000000
0.081000 0.000000
0.082000 0.000000
0.083000 0.000000
0.084000 0.000000
0.085000 0.000000
0.086000 0.000000
0.087000 0.000000
0.088000 0.000000
0.089000 0.000000
0.090000 0.000000
0.091000 0.000000
0.092000 0.000000
0.093000 0.000000
0.094000 0.000000
0.095000 0.000000
0.096000 0.000000
0.097000 0.000000
0.098000 0.000000
0.099000 0.000000
0.100000 0.000000
0.101000 0.026067
0.102000 0.104267
0.103000 0.234411
0.104000 0.416500
0.105000 0.649967
0.106000 0.934811
0.107000 1.270278
0.108000 1.656178
0.109000 2.091756
0.110000 2.576444
0.111000 3.109489
0.112000 3.690133
0.113000 4.317811
0.114000 4.991389
0.115000 5.709922
0.116000 6.472467
0.117000 7.278078
0.118000 8.125622
0.119000 9.013967
0.120000 9.941789
0.121000 10.908333
0.122000 11.911900
0.123000 12.951544
0.124000 14.025756
0.125000 15.133589
0.126000 16.273344
0.127000 17.443889
0.128000 18.643711
0.129000 19.871678
0.130000 21.126467
0.131000 22.406378
0.132000 23.710467
0.133000 25.037222
0.134000 26.385133
0.135000 27.753256
0.136000 29.139889
0.137000 30.543900
0.138000 31.964156
0.139000 33.399144
0.140000 34.847733
0.141000 36.308600
0.142000 37.780800
0.143000 39.263011
0.144000 40.754100
0.145000 42.252933
0.146000 43.758378
0.147000 45.269489
0.148000 46.785133
0.149000 48.304556
0.150000 49.826433
0.151000 51.350200
0.152000 52.874722
0.153000 54.399244
0.154000 55.922822
0.155000 57.444889
0.156000 58.964500
0.157000 60.480900
0.158000 61.993522
0.159000 63.501422
0.160000 65.004411
0.161000 66.501544
0.162000 67.992256
0.163000 69.476167
0.164000 70.952711
0.165000 72.421133
0.166000 73.881433
0.167000 75.332856
0.168000 76.775022
0.169000 78.207744
0.170000 79.630456
0.171000 81.042778
0.172000 82.444522
0.173000 83.835500
0.174000 85.215333
0.175000 86.583644
0.176000 87.940433
0.177000 89.285511
0.178000 90.618500
0.179000 91.939211
0.180000 93.247644
0.181000 94.543611
0.182000 95.827111
0.183000 97.097767
0.184000 98.355767
0.185000 99.600922
0.186000 100.833233
0.187000 102.052322
0.188000 103.258756
0.189000 104.451967
0.190000 105.632144
0.191000 106.799289
0.192000 107.953400
0.193000 109.094478
0.194000 110.222711
0.195000 111.337722
0.196000 112.440078
0.197000 113.529400
0.198000 114.605878
0.199000 115.669511
0.200000 116.720678
0.201000 117.759000
0.202000 118.784856
0.203000 119.798056
0.204000 120.798978
0.205000 121.787622
0.206000 122.763989
0.207000 123.728267
0.208000 124.680456
0.209000 125.620933
0.210000 126.549322
0.211000 127.466189
0.212000 128.371344
0.213000 129.265167
0.214000 130.147467
0.215000 131.018433
0.216000 131.878444
0.217000 132.727311
0.218000 133.565222
0.219000 134.392556
0.220000 135.209122
0.221000 136.015111
0.222000 136.810711
0.223000 137.595922
0.224000 138.370933
0.225000 139.135933
0.226000 139.891111
0.227000 140.636278
0.228000 141.372000
0.229000 142.097900
0.230000 142.814544
0.231000 143.521744
0.232000 144.219689
0.233000 144.908567
0.234000 145.588567
0.235000 146.259500
0.236000 146.921933
0.237000 147.575678
0.238000 148.220733
0.239000 148.857667
0.240000 149.486100
0.241000 150.106411
0.242000 150.718789
0.243000 151.323233
0.244000 151.919744
0.245000 152.508511
0.246000 153.089533
0.247000 153.663189
0.248000 154.229478
0.249000 154.788400
0.250000 155.340144
0.251000 155.884711
0.252000 156.422478
0.253000 156.953067
0.254000 157.477044
0.255000 157.994222
0.256000 158.504789
0.257000 159.008933
0.258000 159.506656
0.259000 159.997956
0.260000 160.483022
0.261000 160.961856
0.262000 161.434644
0.263000 161.901578
0.264000 162.362467
0.265000 162.817500
0.266000 163.266867
0.267000 163.710756
0.268000 164.148789
0.269000 164.581533
0.270000 165.008800
0.271000 165.430778
0.272000 165.847467
0.273000 166.258867
0.274000 166.665167
0.275000 167.066556
0.276000 167.462844
0.277000 167.854222
0.278000 168.240878
0.279000 168.622622
0.280000 168.999833
0.281000 169.372322
0.282000 169.740089
0.283000 170.103511
0.284000 170.462400
0.285000 170.816944
0.286000 171.167144
0.287000 171.513000
0.288000 171.854700
0.289000 172.192244
0.290000 172.525633
0.291000 172.855056
0.292000 173.180322
0.293000 173.501811
0.294000 173.819144
0.295000 174.132889
0.296000 174.442667
0.297000 174.748667
0.298000 175.051078
0.299000 175.349711
0.300000 175.644756
0.301000 175.936022
0.302000 176.223889
0.303000 176.508356
0.304000 176.789233
0.305000 177.066711
0.306000 177.340789
0.307000 177.611467
0.308000 177.878744
0.309000 178.142811
0.310000 178.403667
0.311000 178.661311
0.312000 178.915556
0.313000 179.166778
0.314000 179.414789
0.315000 179.659778
0.316000 179.901556
0.317000 180.140311
0.318000 180.376044
0.319000 180.608567
0.320000 180.838256
0.321000 181.064922
0.322000 181.288567
0.323000 181.509189
0.324000 181.726978
0.325000 181.941744
0.326000 182.153678
0.327000 182.362589
0.328000 182.568667
0.329000 182.771911
0.330000 182.972133
0.331000 183.169522
0.332000 183.364078
0.333000 183.555611
0.334000 183.744311
0.335000 183.930178
0.336000 184.113022
0.337000 184.293033
0.338000 184.470211
0.339000 184.644367
0.340000 184.815689
0.341000 184.983989
0.342000 185.149456
0.343000 185.311900
0.344000 185.471322
0.345000 185.627722
0.346000 185.781100
0.347000 185.931267
0.348000 186.078600
0.349000 186.222722
0.350000 186.363633
0.351000 186.501522
0.352000 186.636011
0.353000 186.767289
0.354000 186.895356
0.355000 187.020022
0.356000 187.141289
0.357000 187.259156
0.358000 187.373622
0.359000 187.484500
0.360000 187.591789
0.361000 187.695300
0.362000 187.795222
0.363000 187.891367
0.364000 187.983544
0.365000 188.071756
0.366000 188.156189
0.367000 188.236467
0.368000 188.312589
0.369000 188.384367
0.370000 188.451800
0.371000 188.515078
0.372000 188.573633
0.373000 188.627467
0.374000 188.676767
0.375000 188.721156
0.376000 188.760633
0.377000 188.795200
0.378000 188.824478
0.379000 188.848467
0.380000 188.866978
0.381000 188.880011
0.382000 188.887378
0.383000 188.888889
0.384000 188.884544
0.385000 188.873967
0.386000 188.857156
0.387000 188.833922
0.388000 188.804078
0.389000 188.767622
0.390000 188.724178
0.391000 188.673744
0.392000 188.615944
0.393000 188.550589
0.394000 188.477867
0.395000 188.397211
0.396000 188.308433
0.397000 188.211533
0.398000 188.106133
0.399000 187.992233
0.400000 187.869456
0.401000 187.737611
0.402000 187.596322
0.403000 187.445589
0.404000 187.285222
0.405000 187.114844
0.406000 186.934078
0.407000 186.742922
0.408000 186.541189
0.409000 186.328311
0.410000 186.104289
0.411000 185.868744
0.412000 185.621678
0.413000 185.362333
0.414000 185.090900
0.415000 184.806811
0.416000 184.510067
0.417000 184.200100
0.418000 183.876911
0.419000 183.539933
0.420000 183.189356
0.421000 182.824422
0.422000 182.444944
0.423000 182.050922
0.424000 181.641789
0.425000 181.217544
0.426000 180.777622
0.427000 180.321833
0.428000 179.850178
0.429000 179.362089
0.430000 178.857378
0.431000 178.335856
0.432000 177.797144
0.433000 177.241244
0.434000 176.667589
0.435000 176.076367
0.436000 175.466822
0.437000 174.839333
0.438000 174.193144
0.439000 173.528444
0.440000 172.844667
0.441000 172.142189
0.442000 171.420256
0.443000 170.679056
0.444000 169.918400
0.445000 169.138289
0.446000 168.338344
0.447000 167.518567
0.448000 166.678956
0.449000 165.819322
0.450000 164.939667
0.451000 164.039989
0.452000 163.120289
0.453000 162.180756
0.454000 161.221011
0.455000 160.241244
0.456000 159.241833
0.457000 158.222400
0.458000 157.183511
0.459000 156.124978
0.460000 155.047178
0.461000 153.949922
0.462000 152.833967
0.463000 151.699122
0.464000 150.545578
0.465000 149.374089
0.466000 148.184467
0.467000 146.977278
0.468000 145.752900
0.469000 144.511522
0.470000 143.253522
0.471000 141.979656
0.472000 140.689922
0.473000 139.385078
0.474000 138.065500
0.475000 136.731567
0.476000 135.384033
0.477000 134.023278
0.478000 132.649867
0.479000 131.264556
0.480000 129.867722
0.481000 128.459933
0.482000 127.042133
0.483000 125.614700
0.484000 124.178200
0.485000 122.733578
0.486000 121.281211
0.487000 119.822044
0.488000 118.356644
0.489000 116.885767
0.490000 115.409978
0.491000 113.930033
0.492000 112.446689
0.493000 110.960700
0.494000 109.472822
0.495000 107.983433
0.496000 106.493478
0.497000 105.003711
0.498000 103.514889
0.499000 102.027389
0.500000 100.542156
0.501000 99.059756
0.502000 97.580944
0.503000 96.106289
0.504000 94.636544
0.505000 93.172278
0.506000 91.714056
0.507000 90.262444
0.508000 88.818200
0.509000 87.381889
0.510000 85.953889
0.511000 84.534956
0.512000 83.125278
0.513000 81.725800
0.514000 80.336522
0.515000 78.958389
0.516000 77.591589
0.517000 76.236500
0.518000 74.893500
0.519000 73.563344
0.520000 72.245844
0.521000 70.941944
0.522000 69.651456
0.523000 68.374756
0.524000 67.112411
0.525000 65.864611
0.526000 64.631356
0.527000 63.413022
0.528000 62.209800
0.529000 61.021878
0.530000 59.849444
0.531000 58.692689
0.532000 57.551611
0.533000 56.426400
0.534000 55.317056
0.535000 54.223767
0.536000 53.146533
0.537000 52.085544
0.538000 51.040611
0.539000 50.011922
0.540000 48.999289
0.541000 48.002900
0.542000 47.022567
0.543000 46.058478
0.544000 45.110256
0.545000 44.178089
0.546000 43.261789
0.547000 42.361356
0.548000 41.476600
0.549000 40.607522
0.550000 39.753933
0.551000 38.915833
0.552000 38.093033
0.553000 37.285156
0.554000 36.492389
0.555000 35.714544
0.556000 34.951244
0.557000 34.202678
0.558000 33.468278
0.559000 32.748233
0.560000 32.042167
0.561000 31.349889
0.562000 30.671400
0.563000 30.006322
0.564000 29.354656
0.565000 28.716022
0.566000 28.090233
0.567000 27.477478
0.568000 26.877000
0.569000 26.288989
0.570000 25.713256
0.571000 25.149422
0.572000 24.597300
0.573000 24.056889
0.574000 23.527811
0.575000 23.009878
0.576000 22.502900
0.577000 22.006878
0.578000 21.521433
0.579000 21.046378
0.580000 20.581522
0.581000 20.126867
0.582000 19.682033
0.583000 19.246833
0.584000 18.821078
0.585000 18.404578
0.586000 17.997333
0.587000 17.598967
0.588000 17.209478
0.589000 16.828489
0.590000 16.456000
0.591000 16.091822
0.592000 15.735578
0.593000 15.387267
0.594000 15.046889
0.595000 14.714067
0.596000 14.388611
0.597000 14.070333
0.598000 13.759422
0.599000 13.455311
0.600000 13.158189
0.601000 12.867678
0.602000 12.583589
0.603000 12.306111
0.604000 12.034678
0.605000 11.769667
0.606000 11.510322
0.607000 11.257022
0.608000 11.009389
0.609000 10.767422
0.610000 10.530933
0.611000 10.299922
0.612000 10.074011
0.613000 9.853200
0.614000 9.637300
0.615000 9.426500
0.616000 9.220422
0.617000 9.019067
0.618000 8.822244
0.619000 8.629767
0.620000 8.441822
0.621000 8.258033
0.622000 8.078589
0.623000 7.903111
0.624000 7.731600
0.625000 7.563867
0.626000 7.400100
0.627000 7.239922
0.628000 7.083522
0.629000 6.930711
0.630000 6.781111
0.631000 6.635100
0.632000 6.492300
0.633000 6.352900
0.634000 6.216522
0.635000 6.083167
0.636000 5.952833
0.637000 5.825522
0.638000 5.701044
0.639000 5.579400
0.640000 5.460400
0.641000 5.344233
0.642000 5.230522
0.643000 5.119456
0.644000 5.010844
0.645000 4.904878
0.646000 4.800989
0.647000 4.699556
0.648000 4.600389
0.649000 4.503489
0.650000 4.408667
0.651000 4.316111
0.652000 4.225444
0.653000 4.136856
0.654000 4.050344
0.655000 3.965533
0.656000 3.882800
0.657000 3.801767
0.658000 3.722622
0.659000 3.645367
0.660000 3.569622
0.661000 3.495578
0.662000 3.423233
0.663000 3.352400
0.664000 3.283267
0.665000 3.215456
0.666000 3.149344
0.667000 3.084556
0.668000 3.021278
0.669000 2.959322
0.670000 2.898689
0.671000 2.839378
0.672000 2.781389
0.673000 2.724722
0.674000 2.669378
0.675000 2.614978
0.676000 2.561900
0.677000 2.509956
0.678000 2.459144
0.679000 2.409467
0.680000 2.360922
0.681000 2.313322
0.682000 2.266856
0.683000 2.221144
0.684000 2.176756
0.685000 2.133122
0.686000 2.090433
0.687000 2.048689
0.688000 2.007700
0.689000 1.967844
0.690000 1.928744
0.691000 1.890400
0.692000 1.852811
0.693000 1.816167
0.694000 1.780278
0.695000 1.745144
0.696000 1.710767
0.697000 1.677144
0.698000 1.644089
0.699000 1.611789
0.700000 1.580244
0.701000 1.549267
0.702000 1.519044
0.703000 1.489389
0.704000 1.460489
0.705000 1.431967
0.706000 1.404200
0.707000 1.377000
0.708000 1.350367
0.709000 1.324300
0.710000 1.298611
0.711000 1.273678
0.712000 1.249122
0.713000 1.225133
0.714000 1.201522
0.715000 1.178667
0.716000 1.156000
0.717000 1.133900
0.718000 1.112367
0.719000 1.091211
0.720000 1.070433
0.721000 1.050033
0.722000 1.030200
0.723000 1.010556
0.724000 0.991478
0.725000 0.972778
0.726000 0.954456
0.727000 0.936511
0.728000 0.918944
0.729000 0.901567
0.730000 0.884756
0.731000 0.868133
0.732000 0.852078
0.733000 0.836022
0.734000 0.820533
0.735000 0.805233
0.736000 0.790311
0.737000 0.775578
0.738000 0.761222
0.739000 0.747244
0.740000 0.733456
0.741000 0.719856
0.742000 0.706633
0.743000 0.693600
0.744000 0.680944
0.745000 0.668478
0.746000 0.656200
0.747000 0.644111
0.748000 0.632400
0.749000 0.620878
0.750000 0.609544
0.751000 0.598589
0.752000 0.587633
0.753000 0.577056
0.754000 0.566667
0.755000 0.556278
0.756000 0.546267
0.757000 0.536444
0.758000 0.526811
0.759000 0.517367
0.760000 0.508111
0.761000 0.499044
0.762000 0.490167
0.763000 0.481289
0.764000 0.472789
0.765000 0.464289
0.766000 0.456167
0.767000 0.448044
0.768000 0.440111
0.769000 0.432178
0.770000 0.424622
0.771000 0.417067
0.772000 0.409700
0.773000 0.402522
0.774000 0.395533
0.775000 0.388544
0.776000 0.381744
0.777000 0.375133
0.778000 0.368522
0.779000 0.362100
0.780000 0.355678
0.781000 0.349633
0.782000 0.343400
0.783000 0.337544
0.784000 0.331689
0.785000 0.326022
0.786000 0.320356
0.787000 0.314878
0.788000 0.309400
0.789000 0.304111
0.790000 0.298822
0.791000 0.293722
0.792000 0.288622
0.793000 0.283711
0.794000 0.278800
0.795000 0.274078
0.796000 0.269356
0.797000 0.264822
0.798000 0.260289
0.799000 0.255944
0.800000 0.251600
0.801000 0.247444
0.802000 0.243100
0.803000 0.239133
0.804000 0.234978
0.805000 0.231011
0.806000 0.227233
0.807000 0.223456
0.808000 0.219678
0.809000 0.215900
0.810000 0.212311
0.811000 0.208911
0.812000 0.205322
0.813000 0.201922
0.814000 0.198522
0.815000 0.195311
0.816000 0.192100
0.817000 0.188889
0.818000 0.185678
0.819000 0.182656
0.820000 0.179633
0.821000 0.176611
0.822000 0.173778
0.823000 0.170944
0.824000 0.168111
0.825000 0.165467
0.826000 0.162633
0.827000 0.159989
0.828000 0.157344
0.829000 0.154889
0.830000 0.152244
0.831000 0.149789
0.832000 0.147522
0.833000 0.145067
0.834000 0.142611
0.835000 0.140344
0.836000 0.138078
0.837000 0.135811
0.838000 0.133733
0.839000 0.131656
0.840000 0.129389
0.841000 0.127311
0.842000 0.125422
0.843000 0.123344
0.844000 0.121456
0.845000 0.119378
0.846000 0.117489
0.847000 0.115600
0.848000 0.113900
0.849000 0.112011
0.850000 0.110311
0.851000 0.108422
0.852000 0.106722
0.853000 0.105022
0.854000 0.103511
0.855000 0.101811
0.856000 0.100300
0.857000 0.098600
0.858000 0.097089
0.859000 0.095578
0.860000 0.094067
0.861000 0.092556
0.862000 0.091233
0.863000 0.089722
0.864000 0.088400
0.865000 0.087078
0.866000 0.085567
0.867000 0.084244
0.868000 0.082922
0.869000 0.081789
0.870000 0.080467
0.871000 0.079144
0.872000 0.078011
0.873000 0.076878
0.874000 0.075556
0.875000 0.074422
0.876000 0.073289
0.877000 0.072156
0.878000 0.071022
0.879000 0.070078
0.880000 0.068944
0.881000 0.067811
0.882000 0.066867
0.883000 0.065922
0.884000 0.064789
0.885000 0.063844
0.886000 0.062900
0.887000 0.061956
0.888000 0.061011
0.889000 0.060067
0.890000 0.059122
0.891000 0.058367
0.892000 0.057422
0.893000 0.056478
0.894000 0.055722
0.895000 0.054967
0.896000 0.054022
0.897000 0.053267
0.898000 0.052511
0.899000 0.051756
0.900000 0.051000
0.901000 0.050244
0.902000 0.049489
0.903000 0.048733
0.904000 0.047978
0.905000 0.047222
0.906000 0.046656
0.907000 0.045900
0.908000 0.045144
0.909000 0.044578
0.910000 0.043822
0.911000 0.043256
0.912000 0.042689
0.913000 0.041933
0.914000 0.041367
0.915000 0.040800
0.916000 0.040233
0.917000 0.039667
0.918000 0.039100
0.919000 0.038533
0.920000 0.037967
0.921000 0.037400
0.922000 0.036833
0.923000 0.036267
0.924000 0.035700
0.925000 0.035322
0.926000 0.034756
0.927000 0.034189
0.928000 0.033811
0.929000 0.033244
0.930000 0.032678
0.931000 0.032300
0.932000 0.031922
0.933000 0.031356
0.934000 0.030978
0.935000 0.030411
0.936000 0.030033
0.937000 0.029656
0.938000 0.029278
0.939000 0.028711
0.940000 0.028333
0.941000 0.027956
0.942000 0.027578
0.943000 0.027200
0.944000 0.026822
0.945000 0.026444
0.946000 0.026067
0.947000 0.025689
0.948000 0.025311
0.949000 0.024933
0.950000 0.024556
0.951000 0.024367
0.952000 0.023989
0.953000 0.023611
0.954000 0.023233
0.955000 0.023044
0.956000 0.022667
0.957000 0.022289
0.958000 0.022100
0.959000 0.021722
0.960000 0.021344
0.961000 0.021156
0.962000 0.020778
0.963000 0.020589
0.964000 0.020211
0.965000 0.020022
0.966000 0.019644
0.967000 0.019456
0.968000 0.019078
0.969000 0.018889
0.970000 0.018700
0.971000 0.018322
0.972000 0.018133
0.973000 0.017944
0.974000 0.017567
0.975000 0.017378
0.976000 0.017189
0.977000 0.017000
0.978000 0.016622
0.979000 0.016433
0.980000 0.016244
0.981000 0.016056
0.982000 0.015867
0.983000 0.015678
0.984000 0.015489
0.985000 0.015111
0.986000 0.014922
0.987000 0.014733
0.988000 0.014544
0.989000 0.014356
0.990000 0.014167
0.991000 0.013978
0.992000 0.013789
0.993000 0.013600
0.994000 0.013411
0.995000 0.013222
0.996000 0.013033
0.997000 0.012844
0.998000 0.012844
0.999000 0.012656
1.000000 0.012467
1.001000 0.012278
1.002000 0.012089
1.003000 0.011900
1.004000 0.011711
1.005000 0.011711
1.006000 0.011522
1.007000 0.011333
1.008000 0.011144
1.009000 0.010956
1.010000 0.010956
1.011000 0.010767
1.012000 0.010578
1.013000 0.010389
1.014000 0.010389
1.015000 0.010200
1.016000 0.010011
1.017000 0.010011
1.018000 0.009822
1.019000 0.009633
1.020000 0.009633
1.021000 0.009444
1.022000 0.009256
1.023000 0.009256
1.024000 0.009067
1.025000 0.008878
1.026000 0.008878
1.027000 0.008689
1.028000 0.008689
1.029000 0.008500
1.030000 0.008311
1.031000 0.008311
1.032000 0.008122
1.033000 0.008122
1.034000 0.007933
1.035000 0.007933
1.036000 0.007744
1.037000 0.007744
1.038000 0.007556
1.039000 0.007556
1.040000 0.007367
1.041000 0.007367
1.042000 0.007178
1.043000 0.007178
1.044000 0.006989
1.045000 0.006989
1.046000 0.006800
1.047000 0.006800
1.048000 0.006611
1.049000 0.006611
1.050000 0.006422
1.051000 0.006422
1.052000 0.006422
1.053000 0.006233
1.054000 0.006233
1.055000 0.006044
1.056000 0.006044
1.057000 0.006044
1.058000 0.005856
1.059000 0.005856
1.060000 0.005667
1.061000 0.005667
1.062000 0.005667
1.063000 0.005478
1.064000 0.005478
1.065000 0.005478
1.066000 0.005289
1.067000 0.005289
1.068000 0.005100
1.069000 0.005100
1.070000 0.005100
1.071000 0.004911
1.072000 0.004911
1.073000 0.004911
1.074000 0.004911
1.075000 0.004722
1.076000 0.004722
1.077000 0.004722
1.078000 0.004533
1.079000 0.004533
1.080000 0.004533
1.081000 0.004344
1.082000 0.004344
1.083000 0.004344
1.084000 0.004344
1.085000 0.004156
1.086000 0.004156
1.087000 0.004156
1.088000 0.004156
1.089000 0.003967
1.090000 0.003967
1.091000 0.003967
1.092000 0.003778
1.093000 0.003778
1.094000 0.003778
1.095000 0.003778
1.096000 0.003778
1.097000 0.003589
1.098000 0.003589
1.099000 0.003589
