1100 64
0.000000 0.000000
0.001000 0.000000
0.002000 0.000000
0.003000 0.000000
0.004000 0.000000
0.005000 0.000000
0.006000 0.000000
0.007000 0.000000
0.008000 0.000000
0.009000 0.000000
0.010000 0.000000
0.011000 0.000000
0.012000 0.000000
0.013000 0.000000
0.014000 0.000000
0.015000 0.000000
0.016000 0.000000
0.017000 0.000000
0.018000 0.000000
0.019000 0.000000
0.020000 0.000000
0.021000 0.000000
0.022000 0.000000
0.023000 0.000000
0.024000 0.000000
0.025000 0.000000
0.026000 0.000000
0.027000 0.000000
0.028000 0.000000
0.029000 0.000000
0.030000 0.000000
0.031000 0.000000
0.032000 0.000000
0.033000 0.000000
0.034000 0.000000
0.035000 0.000000
0.036000 0.000000
0.037000 0.000000
0.038000 0.000000
0.039000 0.000000
0.040000 0.000000
0.041000 0.000000
0.042000 0.000000
0.043000 0.000000
0.044000 0.000000
0.045000 0.000000
0.046000 0.000000
0.047000 0.000000
0.048000 0.000000
0.049000 0.000000
0.050000 0.000000
0.051000 0.000000
0.052000 0.000000
0.053000 0.000000
0.054000 0.000000
0.055000 0.000000
0.056000 0.000000
0.057000 0.000000
0.058000 0.000000
0.059000 0.000000
0.060000 0.000000
0.061000 0.000000
0.062000 0.000000
0.063000 0.000000
0.064000 0.000000
0.065000 0.000000
0.066000 0.000000
0.067000 0.000000
0.068000 0.000000
0.069000 0.000000
0.070000 0.000000
0.071000 0.000000
0.072000 0.000000
0.073000 0.000000
0.074000 0.000000
0.075000 0.000000
0.076000 0.000000
0.077000 0.000000
0.078000 0.000000
0.079000 0.000000
0.080000 0.000000
0.081000 0.000000
0.082000 0.000000
0.083000 0.000000
0.084000 0.000000
0.085000 0.000000
0.086000 0.000000
0.087000 0.000000
0.088000 0.000000
0.089000 0.000000
0.090000 0.000000
0.091000 0.000000
0.092000 0.000000
0.093000 0.000000
0.094000 0.000000
0.095000 0.000000
0.096000 0.000000
0.097000 0.000000
0.098000 0.000000
0.099000 0.000000
0.100000 0.000000
0.101000 0.000138
0.102000 0.000552
0.103000 0.001241
0.104000 0.002205
0.105000 0.003441
0.106000 0.004949
0.107000 0.006725
0.108000 0.008768
0.109000 0.011074
0.110000 0.013640
0.111000 0.016462
0.112000 0.019536
0.113000 0.022859
0.114000 0.026425
0.115000 0.030229
0.116000 0.034266
0.117000 0.038531
0.118000 0.043018
0.119000 0.047721
0.120000 0.052633
0.121000 0.057750
0.122000 0.063063
0.123000 0.068567
0.124000 0.074254
0.125000 0.080119
0.126000 0.086153
0.127000 0.092350
0.128000 0.098702
0.129000 0.105203
0.130000 0.111846
0.131000 0.118622
0.132000 0.125526
0.133000 0.132550
0.134000 0.139686
0.135000 0.146929
0.136000 0.154270
0.137000 0.161703
0.138000 0.169222
0.139000 0.176819
0.140000 0.184488
0.141000 0.192222
0.142000 0.200016
0.143000 0.207863
0.144000 0.215757
0.145000 0.223692
0.146000 0.231662
0.147000 0.239662
0.148000 0.247686
0.149000 0.255730
0.150000 0.263787
0.151000 0.271854
0.152000 0.279925
0.153000 0.287996
0.154000 0.296062
0.155000 0.304120
0.156000 0.312165
0.157000 0.320193
0.158000 0.328201
0.159000 0.336184
0.160000 0.344141
0.161000 0.352067
0.162000 0.359959
0.163000 0.367815
0.164000 0.375632
0.165000 0.383406
0.166000 0.391137
0.167000 0.398821
0.168000 0.406456
0.169000 0.414041
0.170000 0.421573
0.171000 0.429050
0.172000 0.436471
0.173000 0.443835
0.174000 0.451140
0.175000 0.458384
0.176000 0.465567
0.177000 0.472688
0.178000 0.479745
0.179000 0.486737
0.180000 0.493664
0.181000 0.500525
0.182000 0.507320
0.183000 0.514047
0.184000 0.520707
0.185000 0.527299
0.186000 0.533823
0.187000 0.540277
0.188000 0.546664
0.189000 0.552981
0.190000 0.559229
0.191000 0.565408
0.192000 0.571518
0.193000 0.577559
0.194000 0.583532
0.195000 0.589435
0.196000 0.595271
0.197000 0.601038
0.198000 0.606737
0.199000 0.612368
0.200000 0.617933
0.201000 0.623430
0.202000 0.628861
0.203000 0.634225
0.204000 0.639524
0.205000 0.644758
0.206000 0.649927
0.207000 0.655032
0.208000 0.660073
0.209000 0.665052
0.210000 0.669967
0.211000 0.674821
0.212000 0.679613
0.213000 0.684345
0.214000 0.689016
0.215000 0.693627
0.216000 0.698180
0.217000 0.702674
0.218000 0.707110
0.219000 0.711490
0.220000 0.715813
0.221000 0.720080
0.222000 0.724292
0.223000 0.728449
0.224000 0.732552
0.225000 0.736602
0.226000 0.740600
0.227000 0.744545
0.228000 0.748440
0.229000 0.752283
0.230000 0.756077
0.231000 0.759821
0.232000 0.763516
0.233000 0.767163
0.234000 0.770763
0.235000 0.774315
0.236000 0.777822
0.237000 0.781283
0.238000 0.784698
0.239000 0.788070
0.240000 0.791397
0.241000 0.794681
0.242000 0.797923
0.243000 0.801123
0.244000 0.804281
0.245000 0.807398
0.246000 0.810474
0.247000 0.813511
0.248000 0.816509
0.249000 0.819468
0.250000 0.822389
0.251000 0.825272
0.252000 0.828119
0.253000 0.830928
0.254000 0.833702
0.255000 0.836440
0.256000 0.839143
0.257000 0.841812
0.258000 0.844447
0.259000 0.847048
0.260000 0.849616
0.261000 0.852151
0.262000 0.854654
0.263000 0.857126
0.264000 0.859566
0.265000 0.861975
0.266000 0.864354
0.267000 0.866704
0.268000 0.869023
0.269000 0.871314
0.270000 0.873576
0.271000 0.875810
0.272000 0.878016
0.273000 0.880194
0.274000 0.882345
0.275000 0.884470
0.276000 0.886568
0.277000 0.888640
0.278000 0.890687
0.279000 0.892708
0.280000 0.894705
0.281000 0.896677
0.282000 0.898624
0.283000 0.900548
0.284000 0.902448
0.285000 0.904325
0.286000 0.906179
0.287000 0.908010
0.288000 0.909819
0.289000 0.911606
0.290000 0.913371
0.291000 0.915115
0.292000 0.916837
0.293000 0.918539
0.294000 0.920219
0.295000 0.921880
0.296000 0.923520
0.297000 0.925140
0.298000 0.926741
0.299000 0.928322
0.300000 0.929884
0.301000 0.931426
0.302000 0.932950
0.303000 0.934456
0.304000 0.935943
0.305000 0.937412
0.306000 0.938863
0.307000 0.940296
0.308000 0.941711
0.309000 0.943109
0.310000 0.944490
0.311000 0.945854
0.312000 0.947200
0.313000 0.948530
0.314000 0.949843
0.315000 0.951140
0.316000 0.952420
0.317000 0.953684
0.318000 0.954932
0.319000 0.956163
0.320000 0.957379
0.321000 0.958579
0.322000 0.959763
0.323000 0.960931
0.324000 0.962084
0.325000 0.963221
0.326000 0.964343
0.327000 0.965449
0.328000 0.966540
0.329000 0.967616
0.330000 0.968676
0.331000 0.969721
0.332000 0.970751
0.333000 0.971765
0.334000 0.972764
0.335000 0.973748
0.336000 0.974716
0.337000 0.975669
0.338000 0.976607
0.339000 0.977529
0.340000 0.978436
0.341000 0.979327
0.342000 0.980203
0.343000 0.981063
0.344000 0.981907
0.345000 0.982735
0.346000 0.983547
0.347000 0.984342
0.348000 0.985122
0.349000 0.985885
0.350000 0.986631
0.351000 0.987361
0.352000 0.988073
0.353000 0.988768
0.354000 0.989446
0.355000 0.990106
0.356000 0.990748
0.357000 0.991372
0.358000 0.991978
0.359000 0.992565
0.360000 0.993133
0.361000 0.993681
0.362000 0.994210
0.363000 0.994719
0.364000 0.995207
0.365000 0.995674
0.366000 0.996121
0.367000 0.996546
0.368000 0.996949
0.369000 0.997329
0.370000 0.997686
0.371000 0.998021
0.372000 0.998331
0.373000 0.998616
0.374000 0.998877
0.375000 0.999112
0.376000 0.999321
0.377000 0.999504
0.378000 0.999659
0.379000 0.999786
0.380000 0.999884
0.381000 0.999953
0.382000 0.999992
0.383000 1.000000
0.384000 0.999977
0.385000 0.999921
0.386000 0.999832
0.387000 0.999709
0.388000 0.999551
0.389000 0.999358
0.390000 0.999128
0.391000 0.998861
0.392000 0.998555
0.393000 0.998209
0.394000 0.997824
0.395000 0.997397
0.396000 0.996927
0.397000 0.996414
0.398000 0.995856
0.399000 0.995253
0.400000 0.994603
0.401000 0.993905
0.402000 0.993157
0.403000 0.992359
0.404000 0.991510
0.405000 0.990608
0.406000 0.989651
0.407000 0.988639
0.408000 0.987571
0.409000 0.986444
0.410000 0.985258
0.411000 0.984011
0.412000 0.982703
0.413000 0.981330
0.414000 0.979893
0.415000 0.978389
0.416000 0.976818
0.417000 0.975177
0.418000 0.973466
0.419000 0.971682
0.420000 0.969826
0.421000 0.967894
0.422000 0.965885
0.423000 0.963799
0.424000 0.961633
0.425000 0.959387
0.426000 0.957058
0.427000 0.954645
0.428000 0.952148
0.429000 0.949564
0.430000 0.946892
0.431000 0.944131
0.432000 0.941279
0.433000 0.938336
0.434000 0.935299
0.435000 0.932169
0.436000 0.928942
0.437000 0.925620
0.438000 0.922199
0.439000 0.918680
0.440000 0.915060
0.441000 0.911341
0.442000 0.907519
0.443000 0.903595
0.444000 0.899568
0.445000 0.895438
0.446000 0.891203
0.447000 0.886863
0.448000 0.882418
0.449000 0.877867
0.450000 0.873210
0.451000 0.868447
0.452000 0.863578
0.453000 0.858604
0.454000 0.853523
0.455000 0.848336
0.456000 0.843045
0.457000 0.837648
0.458000 0.832148
0.459000 0.826544
0.460000 0.820838
0.461000 0.815029
0.462000 0.809121
0.463000 0.803113
0.464000 0.797006
0.465000 0.790804
0.466000 0.784506
0.467000 0.778115
0.468000 0.771633
0.469000 0.765061
0.470000 0.758401
0.471000 0.751657
0.472000 0.744829
0.473000 0.737921
0.474000 0.730935
0.475000 0.723873
0.476000 0.716739
0.477000 0.709535
0.478000 0.702264
0.479000 0.694930
0.480000 0.687535
0.481000 0.680082
0.482000 0.672576
0.483000 0.665019
0.484000 0.657414
0.485000 0.649766
0.486000 0.642077
0.487000 0.634352
0.488000 0.626594
0.489000 0.618807
0.490000 0.610994
0.491000 0.603159
0.492000 0.595306
0.493000 0.587439
0.494000 0.579562
0.495000 0.571677
0.496000 0.563789
0.497000 0.555902
0.498000 0.548020
0.499000 0.540145
0.500000 0.532282
0.501000 0.524434
0.502000 0.516605
0.503000 0.508798
0.504000 0.501017
0.505000 0.493265
0.506000 0.485545
0.507000 0.477860
0.508000 0.470214
0.509000 0.462610
0.510000 0.455050
0.511000 0.447538
0.512000 0.440075
0.513000 0.432666
0.514000 0.425311
0.515000 0.418015
0.516000 0.410779
0.517000 0.403605
0.518000 0.396495
0.519000 0.389453
0.520000 0.382478
0.521000 0.375575
0.522000 0.368743
0.523000 0.361984
0.524000 0.355301
0.525000 0.348695
0.526000 0.342166
0.527000 0.335716
0.528000 0.329346
0.529000 0.323057
0.530000 0.316850
0.531000 0.310726
0.532000 0.304685
0.533000 0.298728
0.534000 0.292855
0.535000 0.287067
0.536000 0.281364
0.537000 0.275747
0.538000 0.270215
0.539000 0.264769
0.540000 0.259408
0.541000 0.254133
0.542000 0.248943
0.543000 0.243839
0.544000 0.238819
0.545000 0.233884
0.546000 0.229033
0.547000 0.224266
0.548000 0.219582
0.549000 0.214981
0.550000 0.210462
0.551000 0.206025
0.552000 0.201669
0.553000 0.197392
0.554000 0.193195
0.555000 0.189077
0.556000 0.185036
0.557000 0.181073
0.558000 0.177185
0.559000 0.173373
0.560000 0.169635
0.561000 0.165970
0.562000 0.162378
0.563000 0.158857
0.564000 0.155407
0.565000 0.152026
0.566000 0.148713
0.567000 0.145469
0.568000 0.142290
0.569000 0.139177
0.570000 0.136129
0.571000 0.133144
0.572000 0.130221
0.573000 0.127360
0.574000 0.124559
0.575000 0.121817
0.576000 0.119133
0.577000 0.116507
0.578000 0.113937
0.579000 0.111422
0.580000 0.108961
0.581000 0.106554
0.582000 0.104199
0.583000 0.101895
0.584000 0.099641
0.585000 0.097436
0.586000 0.095280
0.587000 0.093171
0.588000 0.091109
0.589000 0.089092
0.590000 0.087120
0.591000 0.085192
0.592000 0.083306
0.593000 0.081462
0.594000 0.079660
0.595000 0.077898
0.596000 0.076175
0.597000 0.074490
0.598000 0.072844
0.599000 0.071234
0.600000 0.069661
0.601000 0.068123
0.602000 0.066619
0.603000 0.065150
0.604000 0.063713
0.605000 0.062310
0.606000 0.060937
0.607000 0.059596
0.608000 0.058285
0.609000 0.057004
0.610000 0.055752
0.611000 0.054529
0.612000 0.053333
0.613000 0.052164
0.614000 0.051021
0.615000 0.049905
0.616000 0.048814
0.617000 0.047748
0.618000 0.046706
0.619000 0.045687
0.620000 0.044692
0.621000 0.043719
0.622000 0.042769
0.623000 0.041840
0.624000 0.040932
0.625000 0.040044
0.626000 0.039177
0.627000 0.038329
0.628000 0.037501
0.629000 0.036692
0.630000 0.035900
0.631000 0.035127
0.632000 0.034371
0.633000 0.033633
0.634000 0.032911
0.635000 0.032205
0.636000 0.031515
0.637000 0.030841
0.638000 0.030182
0.639000 0.029538
0.640000 0.028908
0.641000 0.028293
0.642000 0.027691
0.643000 0.027103
0.644000 0.026528
0.645000 0.025967
0.646000 0.025417
0.647000 0.024880
0.648000 0.024355
0.649000 0.023842
0.650000 0.023340
0.651000 0.022850
0.652000 0.022370
0.653000 0.021901
0.654000 0.021443
0.655000 0.020994
0.656000 0.020556
0.657000 0.020127
0.658000 0.019708
0.659000 0.019299
0.660000 0.018898
0.661000 0.018506
0.662000 0.018123
0.663000 0.017748
0.664000 0.017382
0.665000 0.017023
0.666000 0.016673
0.667000 0.016330
0.668000 0.015995
0.669000 0.015667
0.670000 0.015346
0.671000 0.015032
0.672000 0.014725
0.673000 0.014425
0.674000 0.014132
0.675000 0.013844
0.676000 0.013563
0.677000 0.013288
0.678000 0.013019
0.679000 0.012756
0.680000 0.012499
0.681000 0.012247
0.682000 0.012001
0.683000 0.011759
0.684000 0.011524
0.685000 0.011293
0.686000 0.011067
0.687000 0.010846
0.688000 0.010629
0.689000 0.010418
0.690000 0.010211
0.691000 0.010008
0.692000 0.009809
0.693000 0.009615
0.694000 0.009425
0.695000 0.009239
0.696000 0.009057
0.697000 0.008879
0.698000 0.008704
0.699000 0.008533
0.700000 0.008366
0.701000 0.008202
0.702000 0.008042
0.703000 0.007885
0.704000 0.007732
0.705000 0.007581
0.706000 0.007434
0.707000 0.007290
0.708000 0.007149
0.709000 0.007011
0.710000 0.006875
0.711000 0.006743
0.712000 0.006613
0.713000 0.006486
0.714000 0.006361
0.715000 0.006240
0.716000 0.006120
0.717000 0.006003
0.718000 0.005889
0.719000 0.005777
0.720000 0.005667
0.721000 0.005559
0.722000 0.005454
0.723000 0.005350
0.724000 0.005249
0.725000 0.005150
0.726000 0.005053
0.727000 0.004958
0.728000 0.004865
0.729000 0.004773
0.730000 0.004684
0.731000 0.004596
0.732000 0.004511
0.733000 0.004426
0.734000 0.004344
0.735000 0.004263
0.736000 0.004184
0.737000 0.004106
0.738000 0.004030
0.739000 0.003956
0.740000 0.003883
0.741000 0.003811
0.742000 0.003741
0.743000 0.003672
0.744000 0.003605
0.745000 0.003539
0.746000 0.003474
0.747000 0.003410
0.748000 0.003348
0.749000 0.003287
0.750000 0.003227
0.751000 0.003169
0.752000 0.003111
0.753000 0.003055
0.754000 0.003000
0.755000 0.002945
0.756000 0.002892
0.757000 0.002840
0.758000 0.002789
0.759000 0.002739
0.760000 0.002690
0.761000 0.002642
0.762000 0.002595
0.763000 0.002548
0.764000 0.002503
0.765000 0.002458
0.766000 0.002415
0.767000 0.002372
0.768000 0.002330
0.769000 0.002288
0.770000 0.002248
0.771000 0.002208
0.772000 0.002169
0.773000 0.002131
0.774000 0.002094
0.775000 0.002057
0.776000 0.002021
0.777000 0.001986
0.778000 0.001951
0.779000 0.001917
0.780000 0.001883
0.781000 0.001851
0.782000 0.001818
0.783000 0.001787
0.784000 0.001756
0.785000 0.001726
0.786000 0.001696
0.787000 0.001667
0.788000 0.001638
0.789000 0.001610
0.790000 0.001582
0.791000 0.001555
0.792000 0.001528
0.793000 0.001502
0.794000 0.001476
0.795000 0.001451
0.796000 0.001426
0.797000 0.001402
0.798000 0.001378
0.799000 0.001355
0.800000 0.001332
0.801000 0.001310
0.802000 0.001287
0.803000 0.001266
0.804000 0.001244
0.805000 0.001223
0.806000 0.001203
0.807000 0.001183
0.808000 0.001163
0.809000 0.001143
0.810000 0.001124
0.811000 0.001106
0.812000 0.001087
0.813000 0.001069
0.814000 0.001051
0.815000 0.001034
0.816000 0.001017
0.817000 0.001000
0.818000 0.000983
0.819000 0.000967
0.820000 0.000951
0.821000 0.000935
0.822000 0.000920
0.823000 0.000905
0.824000 0.000890
0.825000 0.000876
0.826000 0.000861
0.827000 0.000847
0.828000 0.000833
0.829000 0.000820
0.830000 0.000806
0.831000 0.000793
0.832000 0.000781
0.833000 0.000768
0.834000 0.000755
0.835000 0.000743
0.836000 0.000731
0.837000 0.000719
0.838000 0.000708
0.839000 0.000697
0.840000 0.000685
0.841000 0.000674
0.842000 0.000664
0.843000 0.000653
0.844000 0.000643
0.845000 0.000632
0.846000 0.000622
0.847000 0.000612
0.848000 0.000603
0.849000 0.000593
0.850000 0.000584
0.851000 0.000574
0.852000 0.000565
0.853000 0.000556
0.854000 0.000548
0.855000 0.000539
0.856000 0.000531
0.857000 0.000522
0.858000 0.000514
0.859000 0.000506
0.860000 0.000498
0.861000 0.000490
0.862000 0.000483
0.863000 0.000475
0.864000 0.000468
0.865000 0.000461
0.866000 0.000453
0.867000 0.000446
0.868000 0.000439
0.869000 0.000433
0.870000 0.000426
0.871000 0.000419
0.872000 0.000413
0.873000 0.000407
0.874000 0.000400
0.875000 0.000394
0.876000 0.000388
0.877000 0.000382
0.878000 0.000376
0.879000 0.000371
0.880000 0.000365
0.881000 0.000359
0.882000 0.000354
0.883000 0.000349
0.884000 0.000343
0.885000 0.000338
0.886000 0.000333
0.887000 0.000328
0.888000 0.000323
0.889000 0.000318
0.890000 0.000313
0.891000 0.000309
0.892000 0.000304
0.893000 0.000299
0.894000 0.000295
0.895000 0.000291
0.896000 0.000286
0.897000 0.000282
0.898000 0.000278
0.899000 0.000274
0.900000 0.000270
0.901000 0.000266
0.902000 0.000262
0.903000 0.000258
0.904000 0.000254
0.905000 0.000250
0.906000 0.000247
0.907000 0.000243
0.908000 0.000239
0.909000 0.000236
0.910000 0.000232
0.911000 0.000229
0.912000 0.000226
0.913000 0.000222
0.914000 0.000219
0.915000 0.000216
0.916000 0.000213
0.917000 0.000210
0.918000 0.000207
0.919000 0.000204
0.920000 0.000201
0.921000 0.000198
0.922000 0.000195
0.923000 0.000192
0.924000 0.000189
0.925000 0.000187
0.926000 0.000184
0.927000 0.000181
0.928000 0.000179
0.929000 0.000176
0.930000 0.000173
0.931000 0.000171
0.932000 0.000169
0.933000 0.000166
0.934000 0.000164
0.935000 0.000161
0.936000 0.000159
0.937000 0.000157
0.938000 0.000155
0.939000 0.000152
0.940000 0.000150
0.941000 0.000148
0.942000 0.000146
0.943000 0.000144
0.944000 0.000142
0.945000 0.000140
0.946000 0.000138
0.947000 0.000136
0.948000 0.000134
0.949000 0.000132
0.950000 0.000130
0.951000 0.000129
0.952000 0.000127
0.953000 0.000125
0.954000 0.000123
0.955000 0.000122
0.956000 0.000120
0.957000 0.000118
0.958000 0.000117
0.959000 0.000115
0.960000 0.000113
0.961000 0.000112
0.962000 0.000110
0.963000 0.000109
0.964000 0.000107
0.965000 0.000106
0.966000 0.000104
0.967000 0.000103
0.968000 0.000101
0.969000 0.000100
0.970000 0.000099
0.971000 0.000097
0.972000 0.000096
0.973000 0.000095
0.974000 0.000093
0.975000 0.000092
0.976000 0.000091
0.977000 0.000090
0.978000 0.000088
0.979000 0.000087
0.980000 0.000086
0.981000 0.000085
0.982000 0.000084
0.983000 0.000083
0.984000 0.000082
0.985000 0.000080
0.986000 0.000079
0.987000 0.000078
0.988000 0.000077
0.989000 0.000076
0.990000 0.000075
0.991000 0.000074
0.992000 0.000073
0.993000 0.000072
0.994000 0.000071
0.995000 0.000070
0.996000 0.000069
0.997000 0.000068
0.998000 0.000068
0.999000 0.000067
1.000000 0.000066
1.001000 0.000065
1.002000 0.000064
1.003000 0.000063
1.004000 0.000062
1.005000 0.000062
1.006000 0.000061
1.007000 0.000060
1.008000 0.000059
1.009000 0.000058
1.010000 0.000058
1.011000 0.000057
1.012000 0.000056
1.013000 0.000055
1.014000 0.000055
1.015000 0.000054
1.016000 0.000053
1.017000 0.000053
1.018000 0.000052
1.019000 0.000051
1.020000 0.000051
1.021000 0.000050
1.022000 0.000049
1.023000 0.000049
1.024000 0.000048
1.025000 0.000047
1.026000 0.000047
1.027000 0.000046
1.028000 0.000046
1.029000 0.000045
1.030000 0.000044
1.031000 0.000044
1.032000 0.000043
1.033000 0.000043
1.034000 0.000042
1.035000 0.000042
1.036000 0.000041
1.037000 0.000041
1.038000 0.000040
1.039000 0.000040
1.040000 0.000039
1.041000 0.000039
1.042000 0.000038
1.043000 0.000038
1.044000 0.000037
1.045000 0.000037
1.046000 0.000036
1.047000 0.000036
1.048000 0.000035
1.049000 0.000035
1.050000 0.000034
1.051000 0.000034
1.052000 0.000034
1.053000 0.000033
1.054000 0.000033
1.055000 0.000032
1.056000 0.000032
1.057000 0.000032
1.058000 0.000031
1.059000 0.000031
1.060000 0.000030
1.061000 0.000030
1.062000 0.000030
1.063000 0.000029
1.064000 0.000029
1.065000 0.000029
1.066000 0.000028
1.067000 0.000028
1.068000 0.000027
1.069000 0.000027
1.070000 0.000027
1.071000 0.000026
1.072000 0.000026
1.073000 0.000026
1.074000 0.000026
1.075000 0.000025
1.076000 0.000025
1.077000 0.000025
1.078000 0.000024
1.079000 0.000024
1.080000 0.000024
1.081000 0.000023
1.082000 0.000023
1.083000 0.000023
1.084000 0.000023
1.085000 0.000022
1.086000 0.000022
1.087000 0.000022
1.088000 0.000022
1.089000 0.000021
1.090000 0.000021
1.091000 0.000021
1.092000 0.000020
1.093000 0.000020
1.094000 0.000020
1.095000 0.000020
1.096000 0.000020
1.097000 0.000019
1.098000 0.000019
1.099000 0.000019
