1101 64
0.0000 -0.000000
0.0500 -0.000000
0.1000 -0.000000
0.1500 -0.000000
0.2000 -0.000000
0.2500 -0.000000
0.3000 -0.000000
0.3500 -0.000000
0.4000 -0.000000
0.4500 -0.000000
0.5000 -0.000001
0.5500 -0.000001
0.6000 -0.000001
0.6500 -0.000001
0.7000 -0.000001
0.7500 -0.000001
0.8000 -0.000002
0.8500 -0.000002
0.9000 -0.000003
0.9500 -0.000003
1.0000 -0.000004
1.0500 -0.000005
1.1000 -0.000006
1.1500 -0.000007
1.2000 -0.000009
1.2500 -0.000011
1.3000 -0.000013
1.3500 -0.000016
1.4000 -0.000020
1.4500 -0.000024
1.5000 -0.000029
1.5500 -0.000036
1.6000 -0.000043
1.6500 -0.000053
1.7000 -0.000065
1.7500 -0.000079
1.8000 -0.000097
1.8500 -0.000118
1.9000 -0.000144
1.9500 -0.000176
2.0000 -0.000215
2.0500 -0.000263
2.1000 -0.000321
2.1500 -0.000392
2.2000 -0.000479
2.2500 -0.000585
2.3000 -0.000714
2.3500 -0.000872
2.4000 -0.001065
2.4500 -0.001301
2.5000 -0.001589
2.5500 -0.001941
2.6000 -0.002370
2.6500 -0.002895
2.7000 -0.003536
2.7500 -0.004319
2.8000 -0.005275
2.8500 -0.006443
2.9000 -0.007869
2.9500 -0.009610
3.0000 -0.011737
3.0500 -0.014335
3.1000 -0.017507
3.1500 -0.021381
3.2000 -0.026111
3.2500 -0.031887
3.3000 -0.038939
3.3500 -0.047548
3.4000 -0.058058
3.4500 -0.070886
3.5000 -0.086542
3.5500 -0.105645
3.6000 -0.128948
3.6500 -0.157370
3.7000 -0.192020
3.7500 -0.234250
3.8000 -0.285690
3.8500 -0.348313
3.9000 -0.424495
3.9500 -0.517091
4.0000 -0.629517
4.0500 -0.765844
4.1000 -0.930895
4.1500 -1.130341
4.2000 -1.370800
4.2500 -1.659906
4.3000 -2.006346
4.3500 -2.419845
4.4000 -2.911044
4.4500 -3.491267
4.5000 -4.172102
4.5500 -4.964787
4.6000 -5.879357
4.6500 -6.923564
4.7000 -8.101633
4.7500 -9.412950
4.8000 -10.850893
4.8500 -12.402029
4.9000 -14.045932
4.9500 -15.755810
5.0000 -17.500000
5.0500 -19.244190
5.1000 -20.954068
5.1500 -22.597971
5.2000 -24.149107
5.2500 -25.587050
5.3000 -26.898367
5.3500 -28.076436
5.4000 -29.120643
5.4500 -30.035213
5.5000 -30.827898
5.5500 -31.508733
5.6000 -32.088956
5.6500 -32.580155
5.7000 -32.993654
5.7500 -33.340094
5.8000 -33.629200
5.8500 -33.869659
5.9000 -34.069105
5.9500 -34.234156
6.0000 -34.370483
6.0500 -34.482909
6.1000 -34.575505
6.1500 -34.651687
6.2000 -34.714310
6.2500 -34.765750
6.3000 -34.807980
6.3500 -34.842630
6.4000 -34.871052
6.4500 -34.894355
6.5000 -34.913458
6.5500 -34.929114
6.6000 -34.941942
6.6500 -34.952452
6.7000 -34.961061
6.7500 -34.968113
6.8000 -34.973889
6.8500 -34.978619
6.9000 -34.982493
6.9500 -34.985665
7.0000 -34.988263
7.0500 -34.990390
7.1000 -34.992131
7.1500 -34.993557
7.2000 -34.994725
7.2500 -34.995681
7.3000 -34.996464
7.3500 -34.997105
7.4000 -34.997630
7.4500 -34.998059
7.5000 -34.998411
7.5500 -34.998699
7.6000 -34.998935
7.6500 -34.999128
7.7000 -34.999286
7.7500 -34.999415
7.8000 -34.999521
7.8500 -34.999608
7.9000 -34.999679
7.9500 -34.999737
8.0000 -34.999785
8.0500 -34.999824
8.1000 -34.999856
8.1500 -34.999882
8.2000 -34.999903
8.2500 -34.999921
8.3000 -34.999935
8.3500 -34.999947
8.4000 -34.999957
8.4500 -34.999964
8.5000 -34.999971
8.5500 -34.999976
8.6000 -34.999980
8.6500 -34.999984
8.7000 -34.999987
8.7500 -34.999989
8.8000 -34.999991
8.8500 -34.999993
8.9000 -34.999994
8.9500 -34.999995
9.0000 -34.999996
9.0500 -34.999997
9.1000 -34.999997
9.1500 -34.999998
9.2000 -34.999998
9.2500 -34.999999
9.3000 -34.999999
9.3500 -34.999999
9.4000 -34.999999
9.4500 -34.999999
9.5000 -34.999999
9.5500 -35.000000
9.6000 -35.000000
9.6500 -35.000000
9.7000 -35.000000
9.7500 -35.000000
9.8000 -35.000000
9.8500 -35.000000
9.9000 -35.000000
9.9500 -35.000000
10.0000 -35.000000
10.0500 -35.000000
10.1000 -35.000000
10.1500 -35.000000
10.2000 -35.000000
10.2500 -35.000000
10.3000 -35.000000
10.3500 -35.000000
10.4000 -35.000000
10.4500 -35.000000
10.5000 -35.000001
10.5500 -35.000001
10.6000 -35.000001
10.6500 -35.000001
10.7000 -35.000001
10.7500 -35.000001
10.8000 -35.000002
10.8500 -35.000002
10.9000 -35.000003
10.9500 -35.000003
11.0000 -35.000004
11.0500 -35.000005
11.1000 -35.000006
11.1500 -35.000007
11.2000 -35.000009
11.2500 -35.000011
11.3000 -35.000013
11.3500 -35.000016
11.4000 -35.000020
11.4500 -35.000024
11.5000 -35.000029
11.5500 -35.000036
11.6000 -35.000043
11.6500 -35.000053
11.7000 -35.000065
11.7500 -35.000079
11.8000 -35.000097
11.8500 -35.000118
11.9000 -35.000144
11.9500 -35.000176
12.0000 -35.000215
12.0500 -35.000263
12.1000 -35.000321
12.1500 -35.000392
12.2000 -35.000479
12.2500 -35.000585
12.3000 -35.000714
12.3500 -35.000872
12.4000 -35.001065
12.4500 -35.001301
12.5000 -35.001589
12.5500 -35.001941
12.6000 -35.002370
12.6500 -35.002895
12.7000 -35.003536
12.7500 -35.004319
12.8000 -35.005275
12.8500 -35.006443
12.9000 -35.007869
12.9500 -35.009610
13.0000 -35.011737
13.0500 -35.014335
13.1000 -35.017507
13.1500 -35.021381
13.2000 -35.026111
13.2500 -35.031887
13.3000 -35.038939
13.3500 -35.047548
13.4000 -35.058058
13.4500 -35.070886
13.5000 -35.086542
13.5500 -35.105645
13.6000 -35.128948
13.6500 -35.157370
13.7000 -35.192020
13.7500 -35.234250
13.8000 -35.285690
13.8500 -35.348313
13.9000 -35.424495
13.9500 -35.517091
14.0000 -35.629517
14.0500 -35.765844
14.1000 -35.930895
14.1500 -36.130341
14.2000 -36.370800
14.2500 -36.659906
14.3000 -37.006346
14.3500 -37.419845
14.4000 -37.911044
14.4500 -38.491267
14.5000 -39.172102
14.5500 -39.964787
14.6000 -40.879357
14.6500 -41.923564
14.7000 -43.101633
14.7500 -44.412950
14.8000 -45.850893
14.8500 -47.402029
14.9000 -49.045932
14.9500 -50.755810
15.0000 -52.500000
15.0500 -54.244190
15.1000 -55.954068
15.1500 -57.597971
15.2000 -59.149107
15.2500 -60.587050
15.3000 -61.898367
15.3500 -63.076436
15.4000 -64.120643
15.4500 -65.035213
15.5000 -65.827898
15.5500 -66.508733
15.6000 -67.088956
15.6500 -67.580155
15.7000 -67.993654
15.7500 -68.340094
15.8000 -68.629200
15.8500 -68.869659
15.9000 -69.069105
15.9500 -69.234156
16.0000 -69.370483
16.0500 -69.482909
16.1000 -69.575505
16.1500 -69.651687
16.2000 -69.714310
16.2500 -69.765750
16.3000 -69.807980
16.3500 -69.842630
16.4000 -69.871052
16.4500 -69.894355
16.5000 -69.913458
16.5500 -69.929114
16.6000 -69.941942
16.6500 -69.952452
16.7000 -69.961061
16.7500 -69.968113
16.8000 -69.973889
16.8500 -69.978619
16.9000 -69.982493
16.9500 -69.985665
17.0000 -69.988263
17.0500 -69.990390
17.1000 -69.992131
17.1500 -69.993557
17.2000 -69.994725
17.2500 -69.995681
17.3000 -69.996464
17.3500 -69.997105
17.4000 -69.997630
17.4500 -69.998059
17.5000 -69.998411
17.5500 -69.998699
17.6000 -69.998935
17.6500 -69.999128
17.7000 -69.999286
17.7500 -69.999415
17.8000 -69.999521
17.8500 -69.999608
17.9000 -69.999679
17.9500 -69.999737
18.0000 -69.999785
18.0500 -69.999824
18.1000 -69.999856
18.1500 -69.999882
18.2000 -69.999903
18.2500 -69.999921
18.3000 -69.999935
18.3500 -69.999947
18.4000 -69.999957
18.4500 -69.999964
18.5000 -69.999971
18.5500 -69.999976
18.6000 -69.999980
18.6500 -69.999984
18.7000 -69.999987
18.7500 -69.999989
18.8000 -69.999991
18.8500 -69.999993
18.9000 -69.999994
18.9500 -69.999995
19.0000 -69.999996
19.0500 -69.999997
19.1000 -69.999997
19.1500 -69.999998
19.2000 -69.999998
19.2500 -69.999999
19.3000 -69.999999
19.3500 -69.999999
19.4000 -69.999999
19.4500 -69.999999
19.5000 -69.999999
19.5500 -70.000000
19.6000 -70.000000
19.6500 -70.000000
19.7000 -70.000000
19.7500 -70.000000
19.8000 -70.000000
19.8500 -70.000000
19.9000 -70.000000
19.9500 -70.000000
20.0000 -70.000000
20.0500 -70.000000
20.1000 -70.000000
20.1500 -70.000000
20.2000 -70.000000
20.2500 -70.000000
20.3000 -70.000000
20.3500 -70.000000
20.4000 -70.000000
20.4500 -70.000000
20.5000 -70.000001
20.5500 -70.000001
20.6000 -70.000001
20.6500 -70.000001
20.7000 -70.000001
20.7500 -70.000001
20.8000 -70.000002
20.8500 -70.000002
20.9000 -70.000003
20.9500 -70.000003
21.0000 -70.000004
21.0500 -70.000005
21.1000 -70.000006
21.1500 -70.000007
21.2000 -70.000009
21.2500 -70.000011
21.3000 -70.000013
21.3500 -70.000016
21.4000 -70.000020
21.4500 -70.000024
21.5000 -70.000029
21.5500 -70.000036
21.6000 -70.000043
21.6500 -70.000053
21.7000 -70.000065
21.7500 -70.000079
21.8000 -70.000097
21.8500 -70.000118
21.9000 -70.000144
21.9500 -70.000176
22.0000 -70.000215
22.0500 -70.000263
22.1000 -70.000321
22.1500 -70.000392
22.2000 -70.000479
22.2500 -70.000585
22.3000 -70.000714
22.3500 -70.000872
22.4000 -70.001065
22.4500 -70.001301
22.5000 -70.001589
22.5500 -70.001941
22.6000 -70.002370
22.6500 -70.002895
22.7000 -70.003536
22.7500 -70.004319
22.8000 -70.005275
22.8500 -70.006443
22.9000 -70.007869
22.9500 -70.009610
23.0000 -70.011737
23.0500 -70.014335
23.1000 -70.017507
23.1500 -70.021381
23.2000 -70.026111
23.2500 -70.031887
23.3000 -70.038939
23.3500 -70.047548
23.4000 -70.058058
23.4500 -70.070886
23.5000 -70.086542
23.5500 -70.105645
23.6000 -70.128948
23.6500 -70.157370
23.7000 -70.192020
23.7500 -70.234250
23.8000 -70.285690
23.8500 -70.348313
23.9000 -70.424495
23.9500 -70.517091
24.0000 -70.629517
24.0500 -70.765844
24.1000 -70.930895
24.1500 -71.130341
24.2000 -71.370800
24.2500 -71.659906
24.3000 -72.006346
24.3500 -72.419845
24.4000 -72.911044
24.4500 -73.491267
24.5000 -74.172102
24.5500 -74.964787
24.6000 -75.879357
24.6500 -76.923564
24.7000 -78.101633
24.7500 -79.412950
24.8000 -80.850893
24.8500 -82.402029
24.9000 -84.045932
24.9500 -85.755810
25.0000 -87.500000
25.0500 -89.244190
25.1000 -90.954068
25.1500 -92.597971
25.2000 -94.149107
25.2500 -95.587050
25.3000 -96.898367
25.3500 -98.076436
25.4000 -99.120643
25.4500 -100.035213
25.5000 -100.827898
25.5500 -101.508733
25.6000 -102.088956
25.6500 -102.580155
25.7000 -102.993654
25.7500 -103.340094
25.8000 -103.629200
25.8500 -103.869659
25.9000 -104.069105
25.9500 -104.234156
26.0000 -104.370483
26.0500 -104.482909
26.1000 -104.575505
26.1500 -104.651687
26.2000 -104.714310
26.2500 -104.765750
26.3000 -104.807980
26.3500 -104.842630
26.4000 -104.871052
26.4500 -104.894355
26.5000 -104.913458
26.5500 -104.929114
26.6000 -104.941942
26.6500 -104.952452
26.7000 -104.961061
26.7500 -104.968113
26.8000 -104.973889
26.8500 -104.978619
26.9000 -104.982493
26.9500 -104.985665
27.0000 -104.988263
27.0500 -104.990390
27.1000 -104.992131
27.1500 -104.993557
27.2000 -104.994725
27.2500 -104.995681
27.3000 -104.996464
27.3500 -104.997105
27.4000 -104.997630
27.4500 -104.998059
27.5000 -104.998411
27.5500 -104.998699
27.6000 -104.998935
27.6500 -104.999128
27.7000 -104.999286
27.7500 -104.999415
27.8000 -104.999521
27.8500 -104.999608
27.9000 -104.999679
27.9500 -104.999737
28.0000 -104.999785
28.0500 -104.999824
28.1000 -104.999856
28.1500 -104.999882
28.2000 -104.999903
28.2500 -104.999921
28.3000 -104.999935
28.3500 -104.999947
28.4000 -104.999957
28.4500 -104.999964
28.5000 -104.999971
28.5500 -104.999976
28.6000 -104.999980
28.6500 -104.999984
28.7000 -104.999987
28.7500 -104.999989
28.8000 -104.999991
28.8500 -104.999993
28.9000 -104.999994
28.9500 -104.999995
29.0000 -104.999996
29.0500 -104.999997
29.1000 -104.999997
29.1500 -104.999998
29.2000 -104.999998
29.2500 -104.999999
29.3000 -104.999999
29.3500 -104.999999
29.4000 -104.999999
29.4500 -104.999999
29.5000 -104.999999
29.5500 -105.000000
29.6000 -105.000000
29.6500 -105.000000
29.7000 -105.000000
29.7500 -105.000000
29.8000 -105.000000
29.8500 -105.000000
29.9000 -105.000000
29.9500 -105.000000
30.0000 -105.000000
30.0500 -105.000000
30.1000 -105.000000
30.1500 -105.000000
30.2000 -105.000000
30.2500 -105.000000
30.3000 -105.000000
30.3500 -105.000000
30.4000 -105.000000
30.4500 -105.000000
30.5000 -105.000001
30.5500 -105.000001
30.6000 -105.000001
30.6500 -105.000001
30.7000 -105.000001
30.7500 -105.000001
30.8000 -105.000002
30.8500 -105.000002
30.9000 -105.000003
30.9500 -105.000003
31.0000 -105.000004
31.0500 -105.000005
31.1000 -105.000006
31.1500 -105.000007
31.2000 -105.000009
31.2500 -105.000011
31.3000 -105.000013
31.3500 -105.000016
31.4000 -105.000020
31.4500 -105.000024
31.5000 -105.000029
31.5500 -105.000036
31.6000 -105.000043
31.6500 -105.000053
31.7000 -105.000065
31.7500 -105.000079
31.8000 -105.000097
31.8500 -105.000118
31.9000 -105.000144
31.9500 -105.000176
32.0000 -105.000215
32.0500 -105.000263
32.1000 -105.000321
32.1500 -105.000392
32.2000 -105.000479
32.2500 -105.000585
32.3000 -105.000714
32.3500 -105.000872
32.4000 -105.001065
32.4500 -105.001301
32.5000 -105.001589
32.5500 -105.001941
32.6000 -105.002370
32.6500 -105.002895
32.7000 -105.003536
32.7500 -105.004319
32.8000 -105.005275
32.8500 -105.006443
32.9000 -105.007869
32.9500 -105.009610
33.0000 -105.011737
33.0500 -105.014335
33.1000 -105.017507
33.1500 -105.021381
33.2000 -105.026111
33.2500 -105.031887
33.3000 -105.038939
33.3500 -105.047548
33.4000 -105.058058
33.4500 -105.070886
33.5000 -105.086542
33.5500 -105.105645
33.6000 -105.128948
33.6500 -105.157370
33.7000 -105.192020
33.7500 -105.234250
33.8000 -105.285690
33.8500 -105.348313
33.9000 -105.424495
33.9500 -105.517091
34.0000 -105.629517
34.0500 -105.765844
34.1000 -105.930895
34.1500 -106.130341
34.2000 -106.370800
34.2500 -106.659906
34.3000 -107.006346
34.3500 -107.419845
34.4000 -107.911044
34.4500 -108.491267
34.5000 -109.172102
34.5500 -109.964787
34.6000 -110.879357
34.6500 -111.923564
34.7000 -113.101633
34.7500 -114.412950
34.8000 -115.850893
34.8500 -117.402029
34.9000 -119.045932
34.9500 -120.755810
35.0000 -122.500000
35.0500 -124.244190
35.1000 -125.954068
35.1500 -127.597971
35.2000 -129.149107
35.2500 -130.587050
35.3000 -131.898367
35.3500 -133.076436
35.4000 -134.120643
35.4500 -135.035213
35.5000 -135.827898
35.5500 -136.508733
35.6000 -137.088956
35.6500 -137.580155
35.7000 -137.993654
35.7500 -138.340094
35.8000 -138.629200
35.8500 -138.869659
35.9000 -139.069105
35.9500 -139.234156
36.0000 -139.370483
36.0500 -139.482909
36.1000 -139.575505
36.1500 -139.651687
36.2000 -139.714310
36.2500 -139.765750
36.3000 -139.807980
36.3500 -139.842630
36.4000 -139.871052
36.4500 -139.894355
36.5000 -139.913458
36.5500 -139.929114
36.6000 -139.941942
36.6500 -139.952452
36.7000 -139.961061
36.7500 -139.968113
36.8000 -139.973889
36.8500 -139.978619
36.9000 -139.982493
36.9500 -139.985665
37.0000 -139.988263
37.0500 -139.990390
37.1000 -139.992131
37.1500 -139.993557
37.2000 -139.994725
37.2500 -139.995681
37.3000 -139.996464
37.3500 -139.997105
37.4000 -139.997630
37.4500 -139.998059
37.5000 -139.998411
37.5500 -139.998699
37.6000 -139.998935
37.6500 -139.999128
37.7000 -139.999286
37.7500 -139.999415
37.8000 -139.999521
37.8500 -139.999608
37.9000 -139.999679
37.9500 -139.999737
38.0000 -139.999785
38.0500 -139.999824
38.1000 -139.999856
38.1500 -139.999882
38.2000 -139.999903
38.2500 -139.999921
38.3000 -139.999935
38.3500 -139.999947
38.4000 -139.999957
38.4500 -139.999964
38.5000 -139.999971
38.5500 -139.999976
38.6000 -139.999980
38.6500 -139.999984
38.7000 -139.999987
38.7500 -139.999989
38.8000 -139.999991
38.8500 -139.999993
38.9000 -139.999994
38.9500 -139.999995
39.0000 -139.999996
39.0500 -139.999997
39.1000 -139.999997
39.1500 -139.999998
39.2000 -139.999998
39.2500 -139.999999
39.3000 -139.999999
39.3500 -139.999999
39.4000 -139.999999
39.4500 -139.999999
39.5000 -139.999999
39.5500 -140.000000
39.6000 -140.000000
39.6500 -140.000000
39.7000 -140.000000
39.7500 -140.000000
39.8000 -140.000000
39.8500 -140.000000
39.9000 -140.000000
39.9500 -140.000000
40.0000 -140.000000
40.0500 -140.000000
40.1000 -140.000000
40.1500 -140.000000
40.2000 -140.000000
40.2500 -140.000000
40.3000 -140.000000
40.3500 -140.000000
40.4000 -140.000000
40.4500 -140.000000
40.5000 -140.000001
40.5500 -140.000001
40.6000 -140.000001
40.6500 -140.000001
40.7000 -140.000001
40.7500 -140.000001
40.8000 -140.000002
40.8500 -140.000002
40.9000 -140.000003
40.9500 -140.000003
41.0000 -140.000004
41.0500 -140.000005
41.1000 -140.000006
41.1500 -140.000007
41.2000 -140.000009
41.2500 -140.000011
41.3000 -140.000013
41.3500 -140.000016
41.4000 -140.000020
41.4500 -140.000024
41.5000 -140.000029
41.5500 -140.000036
41.6000 -140.000043
41.6500 -140.000053
41.7000 -140.000065
41.7500 -140.000079
41.8000 -140.000097
41.8500 -140.000118
41.9000 -140.000144
41.9500 -140.000176
42.0000 -140.000215
42.0500 -140.000263
42.1000 -140.000321
42.1500 -140.000392
42.2000 -140.000479
42.2500 -140.000585
42.3000 -140.000714
42.3500 -140.000872
42.4000 -140.001065
42.4500 -140.001301
42.5000 -140.001589
42.5500 -140.001941
42.6000 -140.002370
42.6500 -140.002895
42.7000 -140.003536
42.7500 -140.004319
42.8000 -140.005275
42.8500 -140.006443
42.9000 -140.007869
42.9500 -140.009610
43.0000 -140.011737
43.0500 -140.014335
43.1000 -140.017507
43.1500 -140.021381
43.2000 -140.026111
43.2500 -140.031887
43.3000 -140.038939
43.3500 -140.047548
43.4000 -140.058058
43.4500 -140.070886
43.5000 -140.086542
43.5500 -140.105645
43.6000 -140.128948
43.6500 -140.157370
43.7000 -140.192020
43.7500 -140.234250
43.8000 -140.285690
43.8500 -140.348313
43.9000 -140.424495
43.9500 -140.517091
44.0000 -140.629517
44.0500 -140.765844
44.1000 -140.930895
44.1500 -141.130341
44.2000 -141.370800
44.2500 -141.659906
44.3000 -142.006346
44.3500 -142.419845
44.4000 -142.911044
44.4500 -143.491267
44.5000 -144.172102
44.5500 -144.964787
44.6000 -145.879357
44.6500 -146.923564
44.7000 -148.101633
44.7500 -149.412950
44.8000 -150.850893
44.8500 -152.402029
44.9000 -154.045932
44.9500 -155.755810
45.0000 -157.500000
45.0500 -159.244190
45.1000 -160.954068
45.1500 -162.597971
45.2000 -164.149107
45.2500 -165.587050
45.3000 -166.898367
45.3500 -168.076436
45.4000 -169.120643
45.4500 -170.035213
45.5000 -170.827898
45.5500 -171.508733
45.6000 -172.088956
45.6500 -172.580155
45.7000 -172.993654
45.7500 -173.340094
45.8000 -173.629200
45.8500 -173.869659
45.9000 -174.069105
45.9500 -174.234156
46.0000 -174.370483
46.0500 -174.482909
46.1000 -174.575505
46.1500 -174.651687
46.2000 -174.714310
46.2500 -174.765750
46.3000 -174.807980
46.3500 -174.842630
46.4000 -174.871052
46.4500 -174.894355
46.5000 -174.913458
46.5500 -174.929114
46.6000 -174.941942
46.6500 -174.952452
46.7000 -174.961061
46.7500 -174.968113
46.8000 -174.973889
46.8500 -174.978619
46.9000 -174.982493
46.9500 -174.985665
47.0000 -174.988263
47.0500 -174.990390
47.1000 -174.992131
47.1500 -174.993557
47.2000 -174.994725
47.2500 -174.995681
47.3000 -174.996464
47.3500 -174.997105
47.4000 -174.997630
47.4500 -174.998059
47.5000 -174.998411
47.5500 -174.998699
47.6000 -174.998935
47.6500 -174.999128
47.7000 -174.999286
47.7500 -174.999415
47.8000 -174.999521
47.8500 -174.999608
47.9000 -174.999679
47.9500 -174.999737
48.0000 -174.999785
48.0500 -174.999824
48.1000 -174.999856
48.1500 -174.999882
48.2000 -174.999903
48.2500 -174.999921
48.3000 -174.999935
48.3500 -174.999947
48.4000 -174.999957
48.4500 -174.999964
48.5000 -174.999971
48.5500 -174.999976
48.6000 -174.999980
48.6500 -174.999984
48.7000 -174.999987
48.7500 -174.999989
48.8000 -174.999991
48.8500 -174.999993
48.9000 -174.999994
48.9500 -174.999995
49.0000 -174.999996
49.0500 -174.999997
49.1000 -174.999997
49.1500 -174.999998
49.2000 -174.999998
49.2500 -174.999999
49.3000 -174.999999
49.3500 -174.999999
49.4000 -174.999999
49.4500 -174.999999
49.5000 -174.999999
49.5500 -175.000000
49.6000 -175.000000
49.6500 -175.000000
49.7000 -175.000000
49.7500 -175.000000
49.8000 -175.000000
49.8500 -175.000000
49.9000 -175.000000
49.9500 -175.000000
50.0000 -175.000000
50.0500 -175.000000
50.1000 -175.000000
50.1500 -175.000000
50.2000 -175.000000
50.2500 -175.000000
50.3000 -175.000000
50.3500 -175.000000
50.4000 -175.000000
50.4500 -175.000000
50.5000 -175.000000
50.5500 -175.000000
50.6000 -175.000000
50.6500 -175.000000
50.7000 -175.000000
50.7500 -175.000000
50.8000 -175.000000
50.8500 -175.000000
50.9000 -175.000000
50.9500 -175.000000
51.0000 -175.000000
51.0500 -175.000000
51.1000 -175.000000
51.1500 -175.000000
51.2000 -175.000000
51.2500 -175.000000
51.3000 -175.000000
51.3500 -175.000000
51.4000 -175.000000
51.4500 -175.000000
51.5000 -175.000000
51.5500 -175.000000
51.6000 -175.000000
51.6500 -175.000000
51.7000 -175.000000
51.7500 -175.000000
51.8000 -175.000000
51.8500 -175.000000
51.9000 -175.000000
51.9500 -175.000000
52.0000 -175.000000
52.0500 -175.000000
52.1000 -175.000000
52.1500 -175.000000
52.2000 -175.000000
52.2500 -175.000000
52.3000 -175.000000
52.3500 -175.000000
52.4000 -175.000000
52.4500 -175.000000
52.5000 -175.000000
52.5500 -175.000000
52.6000 -175.000000
52.6500 -175.000000
52.7000 -175.000000
52.7500 -175.000000
52.8000 -175.000000
52.8500 -175.000000
52.9000 -175.000000
52.9500 -175.000000
53.0000 -175.000000
53.0500 -175.000000
53.1000 -175.000000
53.1500 -175.000000
53.2000 -175.000000
53.2500 -175.000000
53.3000 -175.000000
53.3500 -175.000000
53.4000 -175.000000
53.4500 -175.000000
53.5000 -175.000000
53.5500 -175.000000
53.6000 -175.000000
53.6500 -175.000000
53.7000 -175.000000
53.7500 -175.000000
53.8000 -175.000000
53.8500 -175.000000
53.9000 -175.000000
53.9500 -175.000000
54.0000 -175.000000
54.0500 -175.000000
54.1000 -175.000000
54.1500 -175.000000
54.2000 -175.000000
54.2500 -175.000000
54.3000 -175.000000
54.3500 -175.000000
54.4000 -175.000000
54.4500 -175.000000
54.5000 -175.000000
54.5500 -175.000000
54.6000 -175.000000
54.6500 -175.000000
54.7000 -175.000000
54.7500 -175.000000
54.8000 -175.000000
54.8500 -175.000000
54.9000 -175.000000
54.9500 -175.000000
55.0000 -175.000000
