1100 64
0.000000 0.000000
0.001000 0.000000
0.002000 0.000000
0.003000 0.000000
0.004000 0.000000
0.005000 0.000000
0.006000 0.000000
0.007000 0.000000
0.008000 0.000000
0.009000 0.000000
0.010000 0.000000
0.011000 0.000000
0.012000 0.000000
0.013000 0.000000
0.014000 0.000000
0.015000 0.000000
0.016000 0.000000
0.017000 0.000000
0.018000 0.000000
0.019000 0.000000
0.020000 0.000000
0.021000 0.000000
0.022000 0.000000
0.023000 0.000000
0.024000 0.000000
0.025000 0.000000
0.026000 0.000000
0.027000 0.000000
0.028000 0.000000
0.029000 0.000000
0.030000 0.000000
0.031000 0.000000
0.032000 0.000000
0.033000 0.000000
0.034000 0.000000
0.035000 0.000000
0.036000 0.000000
0.037000 0.000000
0.038000 0.000000
0.039000 0.000000
0.040000 0.000000
0.041000 0.000000
0.042000 0.000000
0.043000 0.000000
0.044000 0.000000
0.045000 0.000000
0.046000 0.000000
0.047000 0.000000
0.048000 0.000000
0.049000 0.000000
0.050000 0.000000
0.051000 0.000000
0.052000 0.000000
0.053000 0.000000
0.054000 0.000000
0.055000 0.000000
0.056000 0.000000
0.057000 0.000000
0.058000 0.000000
0.059000 0.000000
0.060000 0.000000
0.061000 0.000000
0.062000 0.000000
0.063000 0.000000
0.064000 0.000000
0.065000 0.000000
0.066000 0.000000
0.067000 0.000000
0.068000 0.000000
0.069000 0.000000
0.070000 0.000000
0.071000 0.000000
0.072000 0.000000
0.073000 0.000000
0.074000 0.000000
0.075000 0.000000
0.076000 0.000000
0.077000 0.000000
0.078000 0.000000
0.079000 0.000000
0.080000 0.000000
0.081000 0.000000
0.082000 0.000000
0.083000 0.000000
0.084000 0.000000
0.085000 0.000000
0.086000 0.000000
0.087000 0.000000
0.088000 0.000000
0.089000 0.000000
0.090000 0.000000
0.091000 0.000000
0.092000 0.000000
0.093000 0.000000
0.094000 0.000000
0.095000 0.000000
0.096000 0.000000
0.097000 0.000000
0.098000 0.000000
0.099000 0.000000
0.100000 0.000000
0.101000 0.014567
0.102000 0.058267
0.103000 0.130994
0.104000 0.232750
0.105000 0.363217
0.106000 0.522394
0.107000 0.709861
0.108000 0.925511
0.109000 1.168922
0.110000 1.439778
0.111000 1.737656
0.112000 2.062133
0.113000 2.412894
0.114000 2.789306
0.115000 3.190839
0.116000 3.616967
0.117000 4.067161
0.118000 4.540789
0.119000 5.037217
0.120000 5.555706
0.121000 6.095833
0.122000 6.656650
0.123000 7.237628
0.124000 7.837922
0.125000 8.457006
0.126000 9.093928
0.127000 9.748056
0.128000 10.418544
0.129000 11.104761
0.130000 11.805967
0.131000 12.521211
0.132000 13.249967
0.133000 13.991389
0.134000 14.744633
0.135000 15.509172
0.136000 16.284056
0.137000 17.068650
0.138000 17.862322
0.139000 18.664228
0.140000 19.473733
0.141000 20.290100
0.142000 21.112800
0.143000 21.941094
0.144000 22.774350
0.145000 23.611933
0.146000 24.453211
0.147000 25.297656
0.148000 26.144633
0.149000 26.993722
0.150000 27.844183
0.151000 28.695700
0.152000 29.547639
0.153000 30.399578
0.154000 31.250989
0.155000 32.101556
0.156000 32.950750
0.157000 33.798150
0.158000 34.643439
0.159000 35.486089
0.160000 36.325994
0.161000 37.162628
0.162000 37.995672
0.163000 38.824917
0.164000 39.650044
0.165000 40.470633
0.166000 41.286683
0.167000 42.097772
0.168000 42.903689
0.169000 43.704328
0.170000 44.499372
0.171000 45.288611
0.172000 46.071939
0.173000 46.849250
0.174000 47.620333
0.175000 48.384978
0.176000 49.143183
0.177000 49.894844
0.178000 50.639750
0.179000 51.377794
0.180000 52.108978
0.181000 52.833194
0.182000 53.550444
0.183000 54.260517
0.184000 54.963517
0.185000 55.659339
0.186000 56.347983
0.187000 57.029239
0.188000 57.703422
0.189000 58.370217
0.190000 59.029728
0.191000 59.681956
0.192000 60.326900
0.193000 60.964561
0.194000 61.595044
0.195000 62.218139
0.196000 62.834161
0.197000 63.442900
0.198000 64.044461
0.199000 64.638844
0.200000 65.226261
0.201000 65.806500
0.202000 66.379772
0.203000 66.945972
0.204000 67.505311
0.205000 68.057789
0.206000 68.603406
0.207000 69.142267
0.208000 69.674372
0.209000 70.199933
0.210000 70.718739
0.211000 71.231106
0.212000 71.736928
0.213000 72.236417
0.214000 72.729467
0.215000 73.216183
0.216000 73.696778
0.217000 74.171144
0.218000 74.639389
0.219000 75.101722
0.220000 75.558039
0.221000 76.008444
0.222000 76.453044
0.223000 76.891839
0.224000 77.324933
0.225000 77.752433
0.226000 78.174444
0.227000 78.590861
0.228000 79.002000
0.229000 79.407650
0.230000 79.808128
0.231000 80.203328
0.232000 80.593356
0.233000 80.978317
0.234000 81.358317
0.235000 81.733250
0.236000 82.103433
0.237000 82.468761
0.238000 82.829233
0.239000 83.185167
0.240000 83.536350
0.241000 83.882994
0.242000 84.225206
0.243000 84.562983
0.244000 84.896328
0.245000 85.225344
0.246000 85.550033
0.247000 85.870606
0.248000 86.187061
0.249000 86.499400
0.250000 86.807728
0.251000 87.112044
0.252000 87.412561
0.253000 87.709067
0.254000 88.001878
0.255000 88.290889
0.256000 88.576206
0.257000 88.857933
0.258000 89.136072
0.259000 89.410622
0.260000 89.681689
0.261000 89.949272
0.262000 90.213478
0.263000 90.474411
0.264000 90.731967
0.265000 90.986250
0.266000 91.237367
0.267000 91.485422
0.268000 91.730206
0.269000 91.972033
0.270000 92.210800
0.271000 92.446611
0.272000 92.679467
0.273000 92.909367
0.274000 93.136417
0.275000 93.360722
0.276000 93.582178
0.277000 93.800889
0.278000 94.016961
0.279000 94.230289
0.280000 94.441083
0.281000 94.649239
0.282000 94.854756
0.283000 95.057844
0.284000 95.258400
0.285000 95.456528
0.286000 95.652228
0.287000 95.845500
0.288000 96.036450
0.289000 96.225078
0.290000 96.411383
0.291000 96.595472
0.292000 96.777239
0.293000 96.956894
0.294000 97.134228
0.295000 97.309556
0.296000 97.482667
0.297000 97.653667
0.298000 97.822661
0.299000 97.989544
0.300000 98.154422
0.301000 98.317189
0.302000 98.478056
0.303000 98.637022
0.304000 98.793983
0.305000 98.949044
0.306000 99.102206
0.307000 99.253467
0.308000 99.402828
0.309000 99.550394
0.310000 99.696167
0.311000 99.840144
0.312000 99.982222
0.313000 100.122611
0.314000 100.261206
0.315000 100.398111
0.316000 100.533222
0.317000 100.666644
0.318000 100.798378
0.319000 100.928317
0.320000 101.056672
0.321000 101.183339
0.322000 101.308317
0.323000 101.431606
0.324000 101.553311
0.325000 101.673328
0.326000 101.791761
0.327000 101.908506
0.328000 102.023667
0.329000 102.137244
0.330000 102.249133
0.331000 102.359439
0.332000 102.468161
0.333000 102.575194
0.334000 102.680644
0.335000 102.784511
0.336000 102.886689
0.337000 102.987283
0.338000 103.086294
0.339000 103.183617
0.340000 103.279356
0.341000 103.373406
0.342000 103.465872
0.343000 103.556650
0.344000 103.645739
0.345000 103.733139
0.346000 103.818850
0.347000 103.902767
0.348000 103.985100
0.349000 104.065639
0.350000 104.144383
0.351000 104.221439
0.352000 104.296594
0.353000 104.369956
0.354000 104.441522
0.355000 104.511189
0.356000 104.578956
0.357000 104.644822
0.358000 104.708789
0.359000 104.770750
0.360000 104.830706
0.361000 104.888550
0.362000 104.944389
0.363000 104.998117
0.364000 105.049628
0.365000 105.098922
0.366000 105.146106
0.367000 105.190967
0.368000 105.233506
0.369000 105.273617
0.370000 105.311300
0.371000 105.346661
0.372000 105.379383
0.373000 105.409467
0.374000 105.437017
0.375000 105.461822
0.376000 105.483883
0.377000 105.503200
0.378000 105.519561
0.379000 105.532967
0.380000 105.543311
0.381000 105.550594
0.382000 105.554711
0.383000 105.555556
0.384000 105.553128
0.385000 105.547217
0.386000 105.537822
0.387000 105.524839
0.388000 105.508161
0.389000 105.487789
0.390000 105.463511
0.391000 105.435328
0.392000 105.403028
0.393000 105.366506
0.394000 105.325867
0.395000 105.280794
0.396000 105.231183
0.397000 105.177033
0.398000 105.118133
0.399000 105.054483
0.400000 104.985872
0.401000 104.912194
0.402000 104.833239
0.403000 104.749006
0.404000 104.659389
0.405000 104.564178
0.406000 104.463161
0.407000 104.356339
0.408000 104.243606
0.409000 104.124644
0.410000 103.999456
0.411000 103.867828
0.412000 103.729761
0.413000 103.584833
0.414000 103.433150
0.415000 103.274394
0.416000 103.108567
0.417000 102.935350
0.418000 102.754744
0.419000 102.566433
0.420000 102.370522
0.421000 102.166589
0.422000 101.954528
0.423000 101.734339
0.424000 101.505706
0.425000 101.268628
0.426000 101.022789
0.427000 100.768083
0.428000 100.504511
0.429000 100.231756
0.430000 99.949711
0.431000 99.658272
0.432000 99.357228
0.433000 99.046578
0.434000 98.726006
0.435000 98.395617
0.436000 98.054989
0.437000 97.704333
0.438000 97.343228
0.439000 96.971778
0.440000 96.589667
0.441000 96.197106
0.442000 95.793672
0.443000 95.379472
0.444000 94.954400
0.445000 94.518456
0.446000 94.071428
0.447000 93.613317
0.448000 93.144122
0.449000 92.663739
0.450000 92.172167
0.451000 91.669406
0.452000 91.155456
0.453000 90.630422
0.454000 90.094094
0.455000 89.546578
0.456000 88.988083
0.457000 88.418400
0.458000 87.837844
0.459000 87.246311
0.460000 86.644011
0.461000 86.030839
0.462000 85.407217
0.463000 84.773039
0.464000 84.128411
0.465000 83.473756
0.466000 82.808967
0.467000 82.134361
0.468000 81.450150
0.469000 80.756439
0.470000 80.053439
0.471000 79.341572
0.472000 78.620839
0.473000 77.891661
0.474000 77.154250
0.475000 76.408817
0.476000 75.655783
0.477000 74.895361
0.478000 74.127867
0.479000 73.353722
0.480000 72.573139
0.481000 71.786433
0.482000 70.994133
0.483000 70.196450
0.484000 69.393700
0.485000 68.586411
0.486000 67.774794
0.487000 66.959378
0.488000 66.140478
0.489000 65.318517
0.490000 64.493811
0.491000 63.666783
0.492000 62.837856
0.493000 62.007450
0.494000 61.175989
0.495000 60.343683
0.496000 59.511061
0.497000 58.678544
0.498000 57.846556
0.499000 57.015306
0.500000 56.185322
0.501000 55.356922
0.502000 54.530528
0.503000 53.706456
0.504000 52.885128
0.505000 52.066861
0.506000 51.251972
0.507000 50.440778
0.508000 49.633700
0.509000 48.831056
0.510000 48.033056
0.511000 47.240122
0.512000 46.452361
0.513000 45.670300
0.514000 44.893939
0.515000 44.123806
0.516000 43.360006
0.517000 42.602750
0.518000 41.852250
0.519000 41.108928
0.520000 40.372678
0.521000 39.644028
0.522000 38.922872
0.523000 38.209422
0.524000 37.503994
0.525000 36.806694
0.526000 36.117522
0.527000 35.436689
0.528000 34.764300
0.529000 34.100461
0.530000 33.445278
0.531000 32.798856
0.532000 32.161194
0.533000 31.532400
0.534000 30.912472
0.535000 30.301517
0.536000 29.699533
0.537000 29.106628
0.538000 28.522694
0.539000 27.947839
0.540000 27.381956
0.541000 26.825150
0.542000 26.277317
0.543000 25.738561
0.544000 25.208672
0.545000 24.687756
0.546000 24.175706
0.547000 23.672522
0.548000 23.178100
0.549000 22.692439
0.550000 22.215433
0.551000 21.747083
0.552000 21.287283
0.553000 20.835822
0.554000 20.392806
0.555000 19.958128
0.556000 19.531578
0.557000 19.113261
0.558000 18.702861
0.559000 18.300483
0.560000 17.905917
0.561000 17.519056
0.562000 17.139900
0.563000 16.768239
0.564000 16.404072
0.565000 16.047189
0.566000 15.697483
0.567000 15.355061
0.568000 15.019500
0.569000 14.690906
0.570000 14.369172
0.571000 14.054089
0.572000 13.745550
0.573000 13.443556
0.574000 13.147894
0.575000 12.858461
0.576000 12.575150
0.577000 12.297961
0.578000 12.026683
0.579000 11.761211
0.580000 11.501439
0.581000 11.247367
0.582000 10.998783
0.583000 10.755583
0.584000 10.517661
0.585000 10.284911
0.586000 10.057333
0.587000 9.834717
0.588000 9.617061
0.589000 9.404156
0.590000 9.196000
0.591000 8.992489
0.592000 8.793411
0.593000 8.598767
0.594000 8.408556
0.595000 8.222567
0.596000 8.040694
0.597000 7.862833
0.598000 7.689089
0.599000 7.519144
0.600000 7.353106
0.601000 7.190761
0.602000 7.032006
0.603000 6.876944
0.604000 6.725261
0.605000 6.577167
0.606000 6.432239
0.607000 6.290689
0.608000 6.152306
0.609000 6.017089
0.610000 5.884933
0.611000 5.755839
0.612000 5.629594
0.613000 5.506200
0.614000 5.385550
0.615000 5.267750
0.616000 5.152589
0.617000 5.040067
0.618000 4.930078
0.619000 4.822517
0.620000 4.717489
0.621000 4.614783
0.622000 4.514506
0.623000 4.416444
0.624000 4.320600
0.625000 4.226867
0.626000 4.135350
0.627000 4.045839
0.628000 3.958439
0.629000 3.873044
0.630000 3.789444
0.631000 3.707850
0.632000 3.628050
0.633000 3.550150
0.634000 3.473939
0.635000 3.399417
0.636000 3.326583
0.637000 3.255439
0.638000 3.185878
0.639000 3.117900
0.640000 3.051400
0.641000 2.986483
0.642000 2.922939
0.643000 2.860872
0.644000 2.800178
0.645000 2.740961
0.646000 2.682906
0.647000 2.626222
0.648000 2.570806
0.649000 2.516656
0.650000 2.463667
0.651000 2.411944
0.652000 2.361278
0.653000 2.311772
0.654000 2.263428
0.655000 2.216033
0.656000 2.169800
0.657000 2.124517
0.658000 2.080289
0.659000 2.037117
0.660000 1.994789
0.661000 1.953411
0.662000 1.912983
0.663000 1.873400
0.664000 1.834767
0.665000 1.796872
0.666000 1.759928
0.667000 1.723722
0.668000 1.688361
0.669000 1.653739
0.670000 1.619856
0.671000 1.586711
0.672000 1.554306
0.673000 1.522639
0.674000 1.491711
0.675000 1.461311
0.676000 1.431650
0.677000 1.402622
0.678000 1.374228
0.679000 1.346467
0.680000 1.319339
0.681000 1.292739
0.682000 1.266772
0.683000 1.241228
0.684000 1.216422
0.685000 1.192039
0.686000 1.168183
0.687000 1.144856
0.688000 1.121950
0.689000 1.099678
0.690000 1.077828
0.691000 1.056400
0.692000 1.035394
0.693000 1.014917
0.694000 0.994861
0.695000 0.975228
0.696000 0.956017
0.697000 0.937228
0.698000 0.918756
0.699000 0.900706
0.700000 0.883078
0.701000 0.865767
0.702000 0.848878
0.703000 0.832306
0.704000 0.816156
0.705000 0.800217
0.706000 0.784700
0.707000 0.769500
0.708000 0.754617
0.709000 0.740050
0.710000 0.725694
0.711000 0.711761
0.712000 0.698039
0.713000 0.684633
0.714000 0.671439
0.715000 0.658667
0.716000 0.646000
0.717000 0.633650
0.718000 0.621617
0.719000 0.609794
0.720000 0.598183
0.721000 0.586783
0.722000 0.575700
0.723000 0.564722
0.724000 0.554061
0.725000 0.543611
0.726000 0.533372
0.727000 0.523344
0.728000 0.513528
0.729000 0.503817
0.730000 0.494422
0.731000 0.485133
0.732000 0.476161
0.733000 0.467189
0.734000 0.458533
0.735000 0.449983
0.736000 0.441644
0.737000 0.433411
0.738000 0.425389
0.739000 0.417578
0.740000 0.409872
0.741000 0.402272
0.742000 0.394883
0.743000 0.387600
0.744000 0.380528
0.745000 0.373561
0.746000 0.366700
0.747000 0.359944
0.748000 0.353400
0.749000 0.346961
0.750000 0.340628
0.751000 0.334506
0.752000 0.328383
0.753000 0.322472
0.754000 0.316667
0.755000 0.310861
0.756000 0.305267
0.757000 0.299778
0.758000 0.294394
0.759000 0.289117
0.760000 0.283944
0.761000 0.278878
0.762000 0.273917
0.763000 0.268956
0.764000 0.264206
0.765000 0.259456
0.766000 0.254917
0.767000 0.250378
0.768000 0.245944
0.769000 0.241511
0.770000 0.237289
0.771000 0.233067
0.772000 0.228950
0.773000 0.224939
0.774000 0.221033
0.775000 0.217128
0.776000 0.213328
0.777000 0.209633
0.778000 0.205939
0.779000 0.202350
0.780000 0.198761
0.781000 0.195383
0.782000 0.191900
0.783000 0.188628
0.784000 0.185356
0.785000 0.182189
0.786000 0.179022
0.787000 0.175961
0.788000 0.172900
0.789000 0.169944
0.790000 0.166989
0.791000 0.164139
0.792000 0.161289
0.793000 0.158544
0.794000 0.155800
0.795000 0.153161
0.796000 0.150522
0.797000 0.147989
0.798000 0.145456
0.799000 0.143028
0.800000 0.140600
0.801000 0.138278
0.802000 0.135850
0.803000 0.133633
0.804000 0.131311
0.805000 0.129094
0.806000 0.126983
0.807000 0.124872
0.808000 0.122761
0.809000 0.120650
0.810000 0.118644
0.811000 0.116744
0.812000 0.114739
0.813000 0.112839
0.814000 0.110939
0.815000 0.109144
0.816000 0.107350
0.817000 0.105556
0.818000 0.103761
0.819000 0.102072
0.820000 0.100383
0.821000 0.098694
0.822000 0.097111
0.823000 0.095528
0.824000 0.093944
0.825000 0.092467
0.826000 0.090883
0.827000 0.089406
0.828000 0.087928
0.829000 0.086556
0.830000 0.085078
0.831000 0.083706
0.832000 0.082439
0.833000 0.081067
0.834000 0.079694
0.835000 0.078428
0.836000 0.077161
0.837000 0.075894
0.838000 0.074733
0.839000 0.073572
0.840000 0.072306
0.841000 0.071144
0.842000 0.070089
0.843000 0.068928
0.844000 0.067872
0.845000 0.066711
0.846000 0.065656
0.847000 0.064600
0.848000 0.063650
0.849000 0.062594
0.850000 0.061644
0.851000 0.060589
0.852000 0.059639
0.853000 0.058689
0.854000 0.057844
0.855000 0.056894
0.856000 0.056050
0.857000 0.055100
0.858000 0.054256
0.859000 0.053411
0.860000 0.052567
0.861000 0.051722
0.862000 0.050983
0.863000 0.050139
0.864000 0.049400
0.865000 0.048661
0.866000 0.047817
0.867000 0.047078
0.868000 0.046339
0.869000 0.045706
0.870000 0.044967
0.871000 0.044228
0.872000 0.043594
0.873000 0.042961
0.874000 0.042222
0.875000 0.041589
0.876000 0.040956
0.877000 0.040322
0.878000 0.039689
0.879000 0.039161
0.880000 0.038528
0.881000 0.037894
0.882000 0.037367
0.883000 0.036839
0.884000 0.036206
0.885000 0.035678
0.886000 0.035150
0.887000 0.034622
0.888000 0.034094
0.889000 0.033567
0.890000 0.033039
0.891000 0.032617
0.892000 0.032089
0.893000 0.031561
0.894000 0.031139
0.895000 0.030717
0.896000 0.030189
0.897000 0.029767
0.898000 0.029344
0.899000 0.028922
0.900000 0.028500
0.901000 0.028078
0.902000 0.027656
0.903000 0.027233
0.904000 0.026811
0.905000 0.026389
0.906000 0.026072
0.907000 0.025650
0.908000 0.025228
0.909000 0.024911
0.910000 0.024489
0.911000 0.024172
0.912000 0.023856
0.913000 0.023433
0.914000 0.023117
0.915000 0.022800
0.916000 0.022483
0.917000 0.022167
0.918000 0.021850
0.919000 0.021533
0.920000 0.021217
0.921000 0.020900
0.922000 0.020583
0.923000 0.020267
0.924000 0.019950
0.925000 0.019739
0.926000 0.019422
0.927000 0.019106
0.928000 0.018894
0.929000 0.018578
0.930000 0.018261
0.931000 0.018050
0.932000 0.017839
0.933000 0.017522
0.934000 0.017311
0.935000 0.016994
0.936000 0.016783
0.937000 0.016572
0.938000 0.016361
0.939000 0.016044
0.940000 0.015833
0.941000 0.015622
0.942000 0.015411
0.943000 0.015200
0.944000 0.014989
0.945000 0.014778
0.946000 0.014567
0.947000 0.014356
0.948000 0.014144
0.949000 0.013933
0.950000 0.013722
0.951000 0.013617
0.952000 0.013406
0.953000 0.013194
0.954000 0.012983
0.955000 0.012878
0.956000 0.012667
0.957000 0.012456
0.958000 0.012350
0.959000 0.012139
0.960000 0.011928
0.961000 0.011822
0.962000 0.011611
0.963000 0.011506
0.964000 0.011294
0.965000 0.011189
0.966000 0.010978
0.967000 0.010872
0.968000 0.010661
0.969000 0.010556
0.970000 0.010450
0.971000 0.010239
0.972000 0.010133
0.973000 0.010028
0.974000 0.009817
0.975000 0.009711
0.976000 0.009606
0.977000 0.009500
0.978000 0.009289
0.979000 0.009183
0.980000 0.009078
0.981000 0.008972
0.982000 0.008867
0.983000 0.008761
0.984000 0.008656
0.985000 0.008444
0.986000 0.008339
0.987000 0.008233
0.988000 0.008128
0.989000 0.008022
0.990000 0.007917
0.991000 0.007811
0.992000 0.007706
0.993000 0.007600
0.994000 0.007494
0.995000 0.007389
0.996000 0.007283
0.997000 0.007178
0.998000 0.007178
0.999000 0.007072
1.000000 0.006967
1.001000 0.006861
1.002000 0.006756
1.003000 0.006650
1.004000 0.006544
1.005000 0.006544
1.006000 0.006439
1.007000 0.006333
1.008000 0.006228
1.009000 0.006122
1.010000 0.006122
1.011000 0.006017
1.012000 0.005911
1.013000 0.005806
1.014000 0.005806
1.015000 0.005700
1.016000 0.005594
1.017000 0.005594
1.018000 0.005489
1.019000 0.005383
1.020000 0.005383
1.021000 0.005278
1.022000 0.005172
1.023000 0.005172
1.024000 0.005067
1.025000 0.004961
1.026000 0.004961
1.027000 0.004856
1.028000 0.004856
1.029000 0.004750
1.030000 0.004644
1.031000 0.004644
1.032000 0.004539
1.033000 0.004539
1.034000 0.004433
1.035000 0.004433
1.036000 0.004328
1.037000 0.004328
1.038000 0.004222
1.039000 0.004222
1.040000 0.004117
1.041000 0.004117
1.042000 0.004011
1.043000 0.004011
1.044000 0.003906
1.045000 0.003906
1.046000 0.003800
1.047000 0.003800
1.048000 0.003694
1.049000 0.003694
1.050000 0.003589
1.051000 0.003589
1.052000 0.003589
1.053000 0.003483
1.054000 0.003483
1.055000 0.003378
1.056000 0.003378
1.057000 0.003378
1.058000 0.003272
1.059000 0.003272
1.060000 0.003167
1.061000 0.003167
1.062000 0.003167
1.063000 0.003061
1.064000 0.003061
1.065000 0.003061
1.066000 0.002956
1.067000 0.002956
1.068000 0.002850
1.069000 0.002850
1.070000 0.002850
1.071000 0.002744
1.072000 0.002744
1.073000 0.002744
1.074000 0.002744
1.075000 0.002639
1.076000 0.002639
1.077000 0.002639
1.078000 0.002533
1.079000 0.002533
1.080000 0.002533
1.081000 0.002428
1.082000 0.002428
1.083000 0.002428
1.084000 0.002428
1.085000 0.002322
1.086000 0.002322
1.087000 0.002322
1.088000 0.002322
1.089000 0.002217
1.090000 0.002217
1.091000 0.002217
1.092000 0.002111
1.093000 0.002111
1.094000 0.002111
1.095000 0.002111
1.096000 0.002111
1.097000 0.002006
1.098000 0.002006
1.099000 0.002006
