1100 64
0.000000 0.000000
0.001000 0.000000
0.002000 0.000000
0.003000 0.000000
0.004000 0.000000
0.005000 0.000000
0.006000 0.000000
0.007000 0.000000
0.008000 0.000000
0.009000 0.000000
0.010000 0.000000
0.011000 0.000000
0.012000 0.000000
0.013000 0.000000
0.014000 0.000000
0.015000 0.000000
0.016000 0.000000
0.017000 0.000000
0.018000 0.000000
0.019000 0.000000
0.020000 0.000000
0.021000 0.000000
0.022000 0.000000
0.023000 0.000000
0.024000 0.000000
0.025000 0.000000
0.026000 0.000000
0.027000 0.000000
0.028000 0.000000
0.029000 0.000000
0.030000 0.000000
0.031000 0.000000
0.032000 0.000000
0.033000 0.000000
0.034000 0.000000
0.035000 0.000000
0.036000 0.000000
0.037000 0.000000
0.038000 0.000000
0.039000 0.000000
0.040000 0.000000
0.041000 0.000000
0.042000 0.000000
0.043000 0.000000
0.044000 0.000000
0.045000 0.000000
0.046000 0.000000
0.047000 0.000000
0.048000 0.000000
0.049000 0.000000
0.050000 0.000000
0.051000 0.000000
0.052000 0.000000
0.053000 0.000000
0.054000 0.000000
0.055000 0.000000
0.056000 0.000000
0.057000 0.000000
0.058000 0.000000
0.059000 0.000000
0.060000 0.000000
0.061000 0.000000
0.062000 0.000000
0.063000 0.000000
0.064000 0.000000
0.065000 0.000000
0.066000 0.000000
0.067000 0.000000
0.068000 0.000000
0.069000 0.000000
0.070000 0.000000
0.071000 0.000000
0.072000 0.000000
0.073000 0.000000
0.074000 0.000000
0.075000 0.000000
0.076000 0.000000
0.077000 0.000000
0.078000 0.000000
0.079000 0.000000
0.080000 0.000000
0.081000 0.000000
0.082000 0.000000
0.083000 0.000000
0.084000 0.000000
0.085000 0.000000
0.086000 0.000000
0.087000 0.000000
0.088000 0.000000
0.089000 0.000000
0.090000 0.000000
0.091000 0.000000
0.092000 0.000000
0.093000 0.000000
0.094000 0.000000
0.095000 0.000000
0.096000 0.000000
0.097000 0.000000
0.098000 0.000000
0.099000 0.000000
0.100000 0.000000
0.101000 0.010733
0.102000 0.042933
0.103000 0.096522
0.104000 0.171500
0.105000 0.267633
0.106000 0.384922
0.107000 0.523056
0.108000 0.681956
0.109000 0.861311
0.110000 1.060889
0.111000 1.280378
0.112000 1.519467
0.113000 1.777922
0.114000 2.055278
0.115000 2.351144
0.116000 2.665133
0.117000 2.996856
0.118000 3.345844
0.119000 3.711633
0.120000 4.093678
0.121000 4.491667
0.122000 4.904900
0.123000 5.332989
0.124000 5.775311
0.125000 6.231478
0.126000 6.700789
0.127000 7.182778
0.128000 7.676822
0.129000 8.182456
0.130000 8.699133
0.131000 9.226156
0.132000 9.763133
0.133000 10.309444
0.134000 10.864467
0.135000 11.427811
0.136000 11.998778
0.137000 12.576900
0.138000 13.161711
0.139000 13.752589
0.140000 14.349067
0.141000 14.950600
0.142000 15.556800
0.143000 16.167122
0.144000 16.781100
0.145000 17.398267
0.146000 18.018156
0.147000 18.640378
0.148000 19.264467
0.149000 19.890111
0.150000 20.516767
0.151000 21.144200
0.152000 21.771944
0.153000 22.399689
0.154000 23.027044
0.155000 23.653778
0.156000 24.279500
0.157000 24.903900
0.158000 25.526744
0.159000 26.147644
0.160000 26.766522
0.161000 27.382989
0.162000 27.996811
0.163000 28.607833
0.164000 29.215822
0.165000 29.820467
0.166000 30.421767
0.167000 31.019411
0.168000 31.613244
0.169000 32.203189
0.170000 32.789011
0.171000 33.370556
0.172000 33.947744
0.173000 34.520500
0.174000 35.088667
0.175000 35.652089
0.176000 36.210767
0.177000 36.764622
0.178000 37.313500
0.179000 37.857322
0.180000 38.396089
0.181000 38.929722
0.182000 39.458222
0.183000 39.981433
0.184000 40.499433
0.185000 41.012144
0.186000 41.519567
0.187000 42.021544
0.188000 42.518311
0.189000 43.009633
0.190000 43.495589
0.191000 43.976178
0.192000 44.451400
0.193000 44.921256
0.194000 45.385822
0.195000 45.844944
0.196000 46.298856
0.197000 46.747400
0.198000 47.190656
0.199000 47.628622
0.200000 48.061456
0.201000 48.489000
0.202000 48.911411
0.203000 49.328611
0.204000 49.740756
0.205000 50.147844
0.206000 50.549878
0.207000 50.946933
0.208000 51.339011
0.209000 51.726267
0.210000 52.108544
0.211000 52.486078
0.212000 52.858789
0.213000 53.226833
0.214000 53.590133
0.215000 53.948767
0.216000 54.302889
0.217000 54.652422
0.218000 54.997444
0.219000 55.338111
0.220000 55.674344
0.221000 56.006222
0.222000 56.333822
0.223000 56.657144
0.224000 56.976267
0.225000 57.291267
0.226000 57.602222
0.227000 57.909056
0.228000 58.212000
0.229000 58.510900
0.230000 58.805989
0.231000 59.097189
0.232000 59.384578
0.233000 59.668233
0.234000 59.948233
0.235000 60.224500
0.236000 60.497267
0.237000 60.766456
0.238000 61.032067
0.239000 61.294333
0.240000 61.553100
0.241000 61.808522
0.242000 62.060678
0.243000 62.309567
0.244000 62.555189
0.245000 62.797622
0.246000 63.036867
0.247000 63.273078
0.248000 63.506256
0.249000 63.736400
0.250000 63.963589
0.251000 64.187822
0.252000 64.409256
0.253000 64.627733
0.254000 64.843489
0.255000 65.056444
0.256000 65.266678
0.257000 65.474267
0.258000 65.679211
0.259000 65.881511
0.260000 66.081244
0.261000 66.278411
0.262000 66.473089
0.263000 66.665356
0.264000 66.855133
0.265000 67.042500
0.266000 67.227533
0.267000 67.410311
0.268000 67.590678
0.269000 67.768867
0.270000 67.944800
0.271000 68.118556
0.272000 68.290133
0.273000 68.459533
0.274000 68.626833
0.275000 68.792111
0.276000 68.955289
0.277000 69.116444
0.278000 69.275656
0.279000 69.432844
0.280000 69.588167
0.281000 69.741544
0.282000 69.892978
0.283000 70.042622
0.284000 70.190400
0.285000 70.336389
0.286000 70.480589
0.287000 70.623000
0.288000 70.763700
0.289000 70.902689
0.290000 71.039967
0.291000 71.175611
0.292000 71.309544
0.293000 71.441922
0.294000 71.572589
0.295000 71.701778
0.296000 71.829333
0.297000 71.955333
0.298000 72.079856
0.299000 72.202822
0.300000 72.324311
0.301000 72.444244
0.302000 72.562778
0.303000 72.679911
0.304000 72.795567
0.305000 72.909822
0.306000 73.022678
0.307000 73.134133
0.308000 73.244189
0.309000 73.352922
0.310000 73.460333
0.311000 73.566422
0.312000 73.671111
0.313000 73.774556
0.314000 73.876678
0.315000 73.977556
0.316000 74.077111
0.317000 74.175422
0.318000 74.272489
0.319000 74.368233
0.320000 74.462811
0.321000 74.556144
0.322000 74.648233
0.323000 74.739078
0.324000 74.828756
0.325000 74.917189
0.326000 75.004456
0.327000 75.090478
0.328000 75.175333
0.329000 75.259022
0.330000 75.341467
0.331000 75.422744
0.332000 75.502856
0.333000 75.581722
0.334000 75.659422
0.335000 75.735956
0.336000 75.811244
0.337000 75.885367
0.338000 75.958322
0.339000 76.030033
0.340000 76.100578
0.341000 76.169878
0.342000 76.238011
0.343000 76.304900
0.344000 76.370544
0.345000 76.434944
0.346000 76.498100
0.347000 76.559933
0.348000 76.620600
0.349000 76.679944
0.350000 76.737967
0.351000 76.794744
0.352000 76.850122
0.353000 76.904178
0.354000 76.956911
0.355000 77.008244
0.356000 77.058178
0.357000 77.106711
0.358000 77.153844
0.359000 77.199500
0.360000 77.243678
0.361000 77.286300
0.362000 77.327444
0.363000 77.367033
0.364000 77.404989
0.365000 77.441311
0.366000 77.476078
0.367000 77.509133
0.368000 77.540478
0.369000 77.570033
0.370000 77.597800
0.371000 77.623856
0.372000 77.647967
0.373000 77.670133
0.374000 77.690433
0.375000 77.708711
0.376000 77.724967
0.377000 77.739200
0.378000 77.751256
0.379000 77.761133
0.380000 77.768756
0.381000 77.774122
0.382000 77.777156
0.383000 77.777778
0.384000 77.775989
0.385000 77.771633
0.386000 77.764711
0.387000 77.755144
0.388000 77.742856
0.389000 77.727844
0.390000 77.709956
0.391000 77.689189
0.392000 77.665389
0.393000 77.638478
0.394000 77.608533
0.395000 77.575322
0.396000 77.538767
0.397000 77.498867
0.398000 77.455467
0.399000 77.408567
0.400000 77.358011
0.401000 77.303722
0.402000 77.245544
0.403000 77.183478
0.404000 77.117444
0.405000 77.047289
0.406000 76.972856
0.407000 76.894144
0.408000 76.811078
0.409000 76.723422
0.410000 76.631178
0.411000 76.534189
0.412000 76.432456
0.413000 76.325667
0.414000 76.213900
0.415000 76.096922
0.416000 75.974733
0.417000 75.847100
0.418000 75.714022
0.419000 75.575267
0.420000 75.430911
0.421000 75.280644
0.422000 75.124389
0.423000 74.962144
0.424000 74.793678
0.425000 74.618989
0.426000 74.437844
0.427000 74.250167
0.428000 74.055956
0.429000 73.854978
0.430000 73.647156
0.431000 73.432411
0.432000 73.210589
0.433000 72.981689
0.434000 72.745478
0.435000 72.502033
0.436000 72.251044
0.437000 71.992667
0.438000 71.726589
0.439000 71.452889
0.440000 71.171333
0.441000 70.882078
0.442000 70.584811
0.443000 70.279611
0.444000 69.966400
0.445000 69.645178
0.446000 69.315789
0.447000 68.978233
0.448000 68.632511
0.449000 68.278544
0.450000 67.916333
0.451000 67.545878
0.452000 67.167178
0.453000 66.780311
0.454000 66.385122
0.455000 65.981689
0.456000 65.570167
0.457000 65.150400
0.458000 64.722622
0.459000 64.286756
0.460000 63.842956
0.461000 63.391144
0.462000 62.931633
0.463000 62.464344
0.464000 61.989356
0.465000 61.506978
0.466000 61.017133
0.467000 60.520056
0.468000 60.015900
0.469000 59.504744
0.470000 58.986744
0.471000 58.462211
0.472000 57.931144
0.473000 57.393856
0.474000 56.850500
0.475000 56.301233
0.476000 55.746367
0.477000 55.186056
0.478000 54.620533
0.479000 54.050111
0.480000 53.474944
0.481000 52.895267
0.482000 52.311467
0.483000 51.723700
0.484000 51.132200
0.485000 50.537356
0.486000 49.939322
0.487000 49.338489
0.488000 48.735089
0.489000 48.129433
0.490000 47.521756
0.491000 46.912367
0.492000 46.301578
0.493000 45.689700
0.494000 45.077044
0.495000 44.463767
0.496000 43.850256
0.497000 43.236822
0.498000 42.623778
0.499000 42.011278
0.500000 41.399711
0.501000 40.789311
0.502000 40.180389
0.503000 39.573178
0.504000 38.967989
0.505000 38.365056
0.506000 37.764611
0.507000 37.166889
0.508000 36.572200
0.509000 35.980778
0.510000 35.392778
0.511000 34.808511
0.512000 34.228056
0.513000 33.651800
0.514000 33.079744
0.515000 32.512278
0.516000 31.949478
0.517000 31.391500
0.518000 30.838500
0.519000 30.290789
0.520000 29.748289
0.521000 29.211389
0.522000 28.680011
0.523000 28.154311
0.524000 27.634522
0.525000 27.120722
0.526000 26.612911
0.527000 26.111244
0.528000 25.615800
0.529000 25.126656
0.530000 24.643889
0.531000 24.167578
0.532000 23.697722
0.533000 23.234400
0.534000 22.777611
0.535000 22.327433
0.536000 21.883867
0.537000 21.446989
0.538000 21.016722
0.539000 20.593144
0.540000 20.176178
0.541000 19.765900
0.542000 19.362233
0.543000 18.965256
0.544000 18.574811
0.545000 18.190978
0.546000 17.813678
0.547000 17.442911
0.548000 17.078600
0.549000 16.720744
0.550000 16.369267
0.551000 16.024167
0.552000 15.685367
0.553000 15.352711
0.554000 15.026278
0.555000 14.705989
0.556000 14.391689
0.557000 14.083456
0.558000 13.781056
0.559000 13.484567
0.560000 13.193833
0.561000 12.908778
0.562000 12.629400
0.563000 12.355544
0.564000 12.087211
0.565000 11.824244
0.566000 11.566567
0.567000 11.314256
0.568000 11.067000
0.569000 10.824878
0.570000 10.587811
0.571000 10.355644
0.572000 10.128300
0.573000 9.905778
0.574000 9.687922
0.575000 9.474656
0.576000 9.265900
0.577000 9.061656
0.578000 8.861767
0.579000 8.666156
0.580000 8.474744
0.581000 8.287533
0.582000 8.104367
0.583000 7.925167
0.584000 7.749856
0.585000 7.578356
0.586000 7.410667
0.587000 7.246633
0.588000 7.086256
0.589000 6.929378
0.590000 6.776000
0.591000 6.626044
0.592000 6.479356
0.593000 6.335933
0.594000 6.195778
0.595000 6.058733
0.596000 5.924722
0.597000 5.793667
0.598000 5.665644
0.599000 5.540422
0.600000 5.418078
0.601000 5.298456
0.602000 5.181478
0.603000 5.067222
0.604000 4.955456
0.605000 4.846333
0.606000 4.739544
0.607000 4.635244
0.608000 4.533278
0.609000 4.433644
0.610000 4.336267
0.611000 4.241144
0.612000 4.148122
0.613000 4.057200
0.614000 3.968300
0.615000 3.881500
0.616000 3.796644
0.617000 3.713733
0.618000 3.632689
0.619000 3.553433
0.620000 3.476044
0.621000 3.400367
0.622000 3.326478
0.623000 3.254222
0.624000 3.183600
0.625000 3.114533
0.626000 3.047100
0.627000 2.981144
0.628000 2.916744
0.629000 2.853822
0.630000 2.792222
0.631000 2.732100
0.632000 2.673300
0.633000 2.615900
0.634000 2.559744
0.635000 2.504833
0.636000 2.451167
0.637000 2.398744
0.638000 2.347489
0.639000 2.297400
0.640000 2.248400
0.641000 2.200567
0.642000 2.153744
0.643000 2.108011
0.644000 2.063289
0.645000 2.019656
0.646000 1.976878
0.647000 1.935111
0.648000 1.894278
0.649000 1.854378
0.650000 1.815333
0.651000 1.777222
0.652000 1.739889
0.653000 1.703411
0.654000 1.667789
0.655000 1.632867
0.656000 1.598800
0.657000 1.565433
0.658000 1.532844
0.659000 1.501033
0.660000 1.469844
0.661000 1.439356
0.662000 1.409567
0.663000 1.380400
0.664000 1.351933
0.665000 1.324011
0.666000 1.296789
0.667000 1.270111
0.668000 1.244056
0.669000 1.218544
0.670000 1.193578
0.671000 1.169156
0.672000 1.145278
0.673000 1.121944
0.674000 1.099156
0.675000 1.076756
0.676000 1.054900
0.677000 1.033511
0.678000 1.012589
0.679000 0.992133
0.680000 0.972144
0.681000 0.952544
0.682000 0.933411
0.683000 0.914589
0.684000 0.896311
0.685000 0.878344
0.686000 0.860767
0.687000 0.843578
0.688000 0.826700
0.689000 0.810289
0.690000 0.794189
0.691000 0.778400
0.692000 0.762922
0.693000 0.747833
0.694000 0.733056
0.695000 0.718589
0.696000 0.704433
0.697000 0.690589
0.698000 0.676978
0.699000 0.663678
0.700000 0.650689
0.701000 0.637933
0.702000 0.625489
0.703000 0.613278
0.704000 0.601378
0.705000 0.589633
0.706000 0.578200
0.707000 0.567000
0.708000 0.556033
0.709000 0.545300
0.710000 0.534722
0.711000 0.524456
0.712000 0.514344
0.713000 0.504467
0.714000 0.494744
0.715000 0.485333
0.716000 0.476000
0.717000 0.466900
0.718000 0.458033
0.719000 0.449322
0.720000 0.440767
0.721000 0.432367
0.722000 0.424200
0.723000 0.416111
0.724000 0.408256
0.725000 0.400556
0.726000 0.393011
0.727000 0.385622
0.728000 0.378389
0.729000 0.371233
0.730000 0.364311
0.731000 0.357467
0.732000 0.350856
0.733000 0.344244
0.734000 0.337867
0.735000 0.331567
0.736000 0.325422
0.737000 0.319356
0.738000 0.313444
0.739000 0.307689
0.740000 0.302011
0.741000 0.296411
0.742000 0.290967
0.743000 0.285600
0.744000 0.280389
0.745000 0.275256
0.746000 0.270200
0.747000 0.265222
0.748000 0.260400
0.749000 0.255656
0.750000 0.250989
0.751000 0.246478
0.752000 0.241967
0.753000 0.237611
0.754000 0.233333
0.755000 0.229056
0.756000 0.224933
0.757000 0.220889
0.758000 0.216922
0.759000 0.213033
0.760000 0.209222
0.761000 0.205489
0.762000 0.201833
0.763000 0.198178
0.764000 0.194678
0.765000 0.191178
0.766000 0.187833
0.767000 0.184489
0.768000 0.181222
0.769000 0.177956
0.770000 0.174844
0.771000 0.171733
0.772000 0.168700
0.773000 0.165744
0.774000 0.162867
0.775000 0.159989
0.776000 0.157189
0.777000 0.154467
0.778000 0.151744
0.779000 0.149100
0.780000 0.146456
0.781000 0.143967
0.782000 0.141400
0.783000 0.138989
0.784000 0.136578
0.785000 0.134244
0.786000 0.131911
0.787000 0.129656
0.788000 0.127400
0.789000 0.125222
0.790000 0.123044
0.791000 0.120944
0.792000 0.118844
0.793000 0.116822
0.794000 0.114800
0.795000 0.112856
0.796000 0.110911
0.797000 0.109044
0.798000 0.107178
0.799000 0.105389
0.800000 0.103600
0.801000 0.101889
0.802000 0.100100
0.803000 0.098467
0.804000 0.096756
0.805000 0.095122
0.806000 0.093567
0.807000 0.092011
0.808000 0.090456
0.809000 0.088900
0.810000 0.087422
0.811000 0.086022
0.812000 0.084544
0.813000 0.083144
0.814000 0.081744
0.815000 0.080422
0.816000 0.079100
0.817000 0.077778
0.818000 0.076456
0.819000 0.075211
0.820000 0.073967
0.821000 0.072722
0.822000 0.071556
0.823000 0.070389
0.824000 0.069222
0.825000 0.068133
0.826000 0.066967
0.827000 0.065878
0.828000 0.064789
0.829000 0.063778
0.830000 0.062689
0.831000 0.061678
0.832000 0.060744
0.833000 0.059733
0.834000 0.058722
0.835000 0.057789
0.836000 0.056856
0.837000 0.055922
0.838000 0.055067
0.839000 0.054211
0.840000 0.053278
0.841000 0.052422
0.842000 0.051644
0.843000 0.050789
0.844000 0.050011
0.845000 0.049156
0.846000 0.048378
0.847000 0.047600
0.848000 0.046900
0.849000 0.046122
0.850000 0.045422
0.851000 0.044644
0.852000 0.043944
0.853000 0.043244
0.854000 0.042622
0.855000 0.041922
0.856000 0.041300
0.857000 0.040600
0.858000 0.039978
0.859000 0.039356
0.860000 0.038733
0.861000 0.038111
0.862000 0.037567
0.863000 0.036944
0.864000 0.036400
0.865000 0.035856
0.866000 0.035233
0.867000 0.034689
0.868000 0.034144
0.869000 0.033678
0.870000 0.033133
0.871000 0.032589
0.872000 0.032122
0.873000 0.031656
0.874000 0.031111
0.875000 0.030644
0.876000 0.030178
0.877000 0.029711
0.878000 0.029244
0.879000 0.028856
0.880000 0.028389
0.881000 0.027922
0.882000 0.027533
0.883000 0.027144
0.884000 0.026678
0.885000 0.026289
0.886000 0.025900
0.887000 0.025511
0.888000 0.025122
0.889000 0.024733
0.890000 0.024344
0.891000 0.024033
0.892000 0.023644
0.893000 0.023256
0.894000 0.022944
0.895000 0.022633
0.896000 0.022244
0.897000 0.021933
0.898000 0.021622
0.899000 0.021311
0.900000 0.021000
0.901000 0.020689
0.902000 0.020378
0.903000 0.020067
0.904000 0.019756
0.905000 0.019444
0.906000 0.019211
0.907000 0.018900
0.908000 0.018589
0.909000 0.018356
0.910000 0.018044
0.911000 0.017811
0.912000 0.017578
0.913000 0.017267
0.914000 0.017033
0.915000 0.016800
0.916000 0.016567
0.917000 0.016333
0.918000 0.016100
0.919000 0.015867
0.920000 0.015633
0.921000 0.015400
0.922000 0.015167
0.923000 0.014933
0.924000 0.014700
0.925000 0.014544
0.926000 0.014311
0.927000 0.014078
0.928000 0.013922
0.929000 0.013689
0.930000 0.013456
0.931000 0.013300
0.932000 0.013144
0.933000 0.012911
0.934000 0.012756
0.935000 0.012522
0.936000 0.012367
0.937000 0.012211
0.938000 0.012056
0.939000 0.011822
0.940000 0.011667
0.941000 0.011511
0.942000 0.011356
0.943000 0.011200
0.944000 0.011044
0.945000 0.010889
0.946000 0.010733
0.947000 0.010578
0.948000 0.010422
0.949000 0.010267
0.950000 0.010111
0.951000 0.010033
0.952000 0.009878
0.953000 0.009722
0.954000 0.009567
0.955000 0.009489
0.956000 0.009333
0.957000 0.009178
0.958000 0.009100
0.959000 0.008944
0.960000 0.008789
0.961000 0.008711
0.962000 0.008556
0.963000 0.008478
0.964000 0.008322
0.965000 0.008244
0.966000 0.008089
0.967000 0.008011
0.968000 0.007856
0.969000 0.007778
0.970000 0.007700
0.971000 0.007544
0.972000 0.007467
0.973000 0.007389
0.974000 0.007233
0.975000 0.007156
0.976000 0.007078
0.977000 0.007000
0.978000 0.006844
0.979000 0.006767
0.980000 0.006689
0.981000 0.006611
0.982000 0.006533
0.983000 0.006456
0.984000 0.006378
0.985000 0.006222
0.986000 0.006144
0.987000 0.006067
0.988000 0.005989
0.989000 0.005911
0.990000 0.005833
0.991000 0.005756
0.992000 0.005678
0.993000 0.005600
0.994000 0.005522
0.995000 0.005444
0.996000 0.005367
0.997000 0.005289
0.998000 0.005289
0.999000 0.005211
1.000000 0.005133
1.001000 0.005056
1.002000 0.004978
1.003000 0.004900
1.004000 0.004822
1.005000 0.004822
1.006000 0.004744
1.007000 0.004667
1.008000 0.004589
1.009000 0.004511
1.010000 0.004511
1.011000 0.004433
1.012000 0.004356
1.013000 0.004278
1.014000 0.004278
1.015000 0.004200
1.016000 0.004122
1.017000 0.004122
1.018000 0.004044
1.019000 0.003967
1.020000 0.003967
1.021000 0.003889
1.022000 0.003811
1.023000 0.003811
1.024000 0.003733
1.025000 0.003656
1.026000 0.003656
1.027000 0.003578
1.028000 0.003578
1.029000 0.003500
1.030000 0.003422
1.031000 0.003422
1.032000 0.003344
1.033000 0.003344
1.034000 0.003267
1.035000 0.003267
1.036000 0.003189
1.037000 0.003189
1.038000 0.003111
1.039000 0.003111
1.040000 0.003033
1.041000 0.003033
1.042000 0.002956
1.043000 0.002956
1.044000 0.002878
1.045000 0.002878
1.046000 0.002800
1.047000 0.002800
1.048000 0.002722
1.049000 0.002722
1.050000 0.002644
1.051000 0.002644
1.052000 0.002644
1.053000 0.002567
1.054000 0.002567
1.055000 0.002489
1.056000 0.002489
1.057000 0.002489
1.058000 0.002411
1.059000 0.002411
1.060000 0.002333
1.061000 0.002333
1.062000 0.002333
1.063000 0.002256
1.064000 0.002256
1.065000 0.002256
1.066000 0.002178
1.067000 0.002178
1.068000 0.002100
1.069000 0.002100
1.070000 0.002100
1.071000 0.002022
1.072000 0.002022
1.073000 0.002022
1.074000 0.002022
1.075000 0.001944
1.076000 0.001944
1.077000 0.001944
1.078000 0.001867
1.079000 0.001867
1.080000 0.001867
1.081000 0.001789
1.082000 0.001789
1.083000 0.001789
1.084000 0.001789
1.085000 0.001711
1.086000 0.001711
1.087000 0.001711
1.088000 0.001711
1.089000 0.001633
1.090000 0.001633
1.091000 0.001633
1.092000 0.001556
1.093000 0.001556
1.094000 0.001556
1.095000 0.001556
1.096000 0.001556
1.097000 0.001478
1.098000 0.001478
1.099000 0.001478
