1100 64
0.000000 0.000000
0.001000 0.000000
0.002000 0.000000
0.003000 0.000000
0.004000 0.000000
0.005000 0.000000
0.006000 0.000000
0.007000 0.000000
0.008000 0.000000
0.009000 0.000000
0.010000 0.000000
0.011000 0.000000
0.012000 0.000000
0.013000 0.000000
0.014000 0.000000
0.015000 0.000000
0.016000 0.000000
0.017000 0.000000
0.018000 0.000000
0.019000 0.000000
0.020000 0.000000
0.021000 0.000000
0.022000 0.000000
0.023000 0.000000
0.024000 0.000000
0.025000 0.000000
0.026000 0.000000
0.027000 0.000000
0.028000 0.000000
0.029000 0.000000
0.030000 0.000000
0.031000 0.000000
0.032000 0.000000
0.033000 0.000000
0.034000 0.000000
0.035000 0.000000
0.036000 0.000000
0.037000 0.000000
0.038000 0.000000
0.039000 0.000000
0.040000 0.000000
0.041000 0.000000
0.042000 0.000000
0.043000 0.000000
0.044000 0.000000
0.045000 0.000000
0.046000 0.000000
0.047000 0.000000
0.048000 0.000000
0.049000 0.000000
0.050000 0.000000
0.051000 0.000000
0.052000 0.000000
0.053000 0.000000
0.054000 0.000000
0.055000 0.000000
0.056000 0.000000
0.057000 0.000000
0.058000 0.000000
0.059000 0.000000
0.060000 0.000000
0.061000 0.000000
0.062000 0.000000
0.063000 0.000000
0.064000 0.000000
0.065000 0.000000
0.066000 0.000000
0.067000 0.000000
0.068000 0.000000
0.069000 0.000000
0.070000 0.000000
0.071000 0.000000
0.072000 0.000000
0.073000 0.000000
0.074000 0.000000
0.075000 0.000000
0.076000 0.000000
0.077000 0.000000
0.078000 0.000000
0.079000 0.000000
0.080000 0.000000
0.081000 0.000000
0.082000 0.000000
0.083000 0.000000
0.084000 0.000000
0.085000 0.000000
0.086000 0.000000
0.087000 0.000000
0.088000 0.000000
0.089000 0.000000
0.090000 0.000000
0.091000 0.000000
0.092000 0.000000
0.093000 0.000000
0.094000 0.000000
0.095000 0.000000
0.096000 0.000000
0.097000 0.000000
0.098000 0.000000
0.099000 0.000000
0.100000 0.000000
0.101000 0.012689
0.102000 0.050757
0.103000 0.114112
0.104000 0.202753
0.105000 0.316406
0.106000 0.455069
0.107000 0.618375
0.108000 0.806232
0.109000 1.018273
0.110000 1.254221
0.111000 1.513709
0.112000 1.796368
0.113000 2.101924
0.114000 2.429823
0.115000 2.779608
0.116000 3.150816
0.117000 3.542990
0.118000 3.955578
0.119000 4.388026
0.120000 4.839693
0.121000 5.310210
0.122000 5.798749
0.123000 6.304851
0.124000 6.827780
0.125000 7.367077
0.126000 7.921914
0.127000 8.491738
0.128000 9.075815
0.129000 9.673593
0.130000 10.284428
0.131000 10.907493
0.132000 11.542327
0.133000 12.188196
0.134000 12.844363
0.135000 13.510369
0.136000 14.185387
0.137000 14.868863
0.138000 15.560248
0.139000 16.258805
0.140000 16.963983
0.141000 17.675137
0.142000 18.391808
0.143000 19.113353
0.144000 19.839220
0.145000 20.568857
0.146000 21.301711
0.147000 22.037325
0.148000 22.775145
0.149000 23.514805
0.150000 24.255659
0.151000 24.997434
0.152000 25.739576
0.153000 26.481718
0.154000 27.223400
0.155000 27.964347
0.156000 28.704098
0.157000 29.442286
0.158000 30.178635
0.159000 30.912686
0.160000 31.644345
0.161000 32.373154
0.162000 33.098837
0.163000 33.821209
0.164000 34.539996
0.165000 35.254828
0.166000 35.965707
0.167000 36.672263
0.168000 37.374314
0.169000 38.071768
0.170000 38.764348
0.171000 39.451871
0.172000 40.134244
0.173000 40.811377
0.174000 41.483084
0.175000 42.149182
0.176000 42.809671
0.177000 43.464459
0.178000 44.113362
0.179000 44.756288
0.180000 45.393237
0.181000 46.024118
0.182000 46.648929
0.183000 47.267488
0.184000 47.879887
0.185000 48.486032
0.186000 49.085925
0.187000 49.679381
0.188000 50.266676
0.189000 50.847535
0.190000 51.422049
0.191000 51.990219
0.192000 52.552044
0.193000 53.107524
0.194000 53.656751
0.195000 54.199542
0.196000 54.736172
0.197000 55.266457
0.198000 55.790490
0.199000 56.308270
0.200000 56.819981
0.201000 57.325440
0.202000 57.824829
0.203000 58.318058
0.204000 58.805310
0.205000 59.286585
0.206000 59.761883
0.207000 60.231297
0.208000 60.694825
0.209000 61.152653
0.210000 61.604595
0.211000 62.050929
0.212000 62.491561
0.213000 62.926677
0.214000 63.356183
0.215000 63.780172
0.216000 64.198828
0.217000 64.612059
0.218000 65.019957
0.219000 65.422705
0.220000 65.820212
0.221000 66.212570
0.222000 66.599871
0.223000 66.982114
0.224000 67.359391
0.225000 67.731796
0.226000 68.099419
0.227000 68.462168
0.228000 68.820320
0.229000 69.173690
0.230000 69.522555
0.231000 69.866822
0.232000 70.206583
0.233000 70.541931
0.234000 70.872957
0.235000 71.199570
0.236000 71.522044
0.237000 71.840289
0.238000 72.154304
0.239000 72.464365
0.240000 72.770288
0.241000 73.072258
0.242000 73.370365
0.243000 73.664611
0.244000 73.954994
0.245000 74.241607
0.246000 74.524451
0.247000 74.803708
0.248000 75.079379
0.249000 75.351464
0.250000 75.620055
0.251000 75.885152
0.252000 76.146938
0.253000 76.405231
0.254000 76.660305
0.255000 76.912068
0.256000 77.160614
0.257000 77.406033
0.258000 77.648325
0.259000 77.887492
0.260000 78.123624
0.261000 78.356721
0.262000 78.586876
0.263000 78.814181
0.264000 79.038543
0.265000 79.260055
0.266000 79.478808
0.267000 79.694894
0.268000 79.908130
0.269000 80.118791
0.270000 80.326786
0.271000 80.532206
0.272000 80.735052
0.273000 80.935322
0.274000 81.133110
0.275000 81.328508
0.276000 81.521422
0.277000 81.711946
0.278000 81.900171
0.279000 82.086006
0.280000 82.269633
0.281000 82.450962
0.282000 82.629992
0.283000 82.806907
0.284000 82.981615
0.285000 83.154208
0.286000 83.324687
0.287000 83.493050
0.288000 83.659391
0.289000 83.823709
0.290000 83.986003
0.291000 84.146367
0.292000 84.304708
0.293000 84.461210
0.294000 84.615689
0.295000 84.768420
0.296000 84.919221
0.297000 85.068183
0.298000 85.215397
0.299000 85.360773
0.300000 85.504402
0.301000 85.646191
0.302000 85.786325
0.303000 85.924805
0.304000 86.061537
0.305000 86.196614
0.306000 86.330036
0.307000 86.461803
0.308000 86.591914
0.309000 86.720463
0.310000 86.847448
0.311000 86.972870
0.312000 87.096637
0.313000 87.218933
0.314000 87.339665
0.315000 87.458927
0.316000 87.576625
0.317000 87.692852
0.318000 87.807607
0.319000 87.920800
0.320000 88.032613
0.321000 88.142955
0.322000 88.251826
0.323000 88.359226
0.324000 88.465246
0.325000 88.569795
0.326000 88.672965
0.327000 88.774663
0.328000 88.874983
0.329000 88.973923
0.330000 89.071391
0.331000 89.167481
0.332000 89.262191
0.333000 89.355430
0.334000 89.447290
0.335000 89.537770
0.336000 89.626780
0.337000 89.714410
0.338000 89.800660
0.339000 89.885440
0.340000 89.968840
0.341000 90.050769
0.342000 90.131318
0.343000 90.210397
0.344000 90.288004
0.345000 90.364140
0.346000 90.438805
0.347000 90.511906
0.348000 90.583629
0.349000 90.653788
0.350000 90.722384
0.351000 90.789509
0.352000 90.854978
0.353000 90.918885
0.354000 90.981228
0.355000 91.041916
0.356000 91.100949
0.357000 91.158327
0.358000 91.214050
0.359000 91.268025
0.360000 91.320254
0.361000 91.370643
0.362000 91.419286
0.363000 91.466089
0.364000 91.510962
0.365000 91.553903
0.366000 91.595005
0.367000 91.634085
0.368000 91.671141
0.369000 91.706083
0.370000 91.738910
0.371000 91.769714
0.372000 91.798219
0.373000 91.824425
0.374000 91.848424
0.375000 91.870033
0.376000 91.889251
0.377000 91.906078
0.378000 91.920330
0.379000 91.932008
0.380000 91.941020
0.381000 91.947364
0.382000 91.950950
0.383000 91.951686
0.384000 91.949571
0.385000 91.944422
0.386000 91.936238
0.387000 91.924928
0.388000 91.910400
0.389000 91.892653
0.390000 91.871504
0.391000 91.846953
0.392000 91.818816
0.393000 91.787001
0.394000 91.751599
0.395000 91.712336
0.396000 91.669118
0.397000 91.621947
0.398000 91.570638
0.399000 91.515191
0.400000 91.455423
0.401000 91.391240
0.402000 91.322461
0.403000 91.249083
0.404000 91.171016
0.405000 91.088076
0.406000 91.000078
0.407000 90.907023
0.408000 90.808818
0.409000 90.705189
0.410000 90.596134
0.411000 90.481470
0.412000 90.361198
0.413000 90.234948
0.414000 90.102813
0.415000 89.964518
0.416000 89.820062
0.417000 89.669169
0.418000 89.511840
0.419000 89.347798
0.420000 89.177136
0.421000 88.999485
0.422000 88.814754
0.423000 88.622943
0.424000 88.423776
0.425000 88.217252
0.426000 88.003097
0.427000 87.781217
0.428000 87.551614
0.429000 87.314011
0.430000 87.068316
0.431000 86.814437
0.432000 86.552191
0.433000 86.281577
0.434000 86.002320
0.435000 85.714511
0.436000 85.417783
0.437000 85.112320
0.438000 84.797753
0.439000 84.474175
0.440000 84.141310
0.441000 83.799341
0.442000 83.447902
0.443000 83.087084
0.444000 82.716794
0.445000 82.337034
0.446000 81.947618
0.447000 81.548548
0.448000 81.139823
0.449000 80.721351
0.450000 80.293132
0.451000 79.855166
0.452000 79.407453
0.453000 78.950085
0.454000 78.482879
0.455000 78.005925
0.456000 77.519409
0.457000 77.023146
0.458000 76.517412
0.459000 76.002114
0.460000 75.477438
0.461000 74.943291
0.462000 74.400040
0.463000 73.847594
0.464000 73.286045
0.465000 72.715761
0.466000 72.136649
0.467000 71.548986
0.468000 70.952955
0.469000 70.348649
0.470000 69.736251
0.471000 69.116128
0.472000 68.488282
0.473000 67.853080
0.474000 67.210706
0.475000 66.561343
0.476000 65.905359
0.477000 65.242940
0.478000 64.574359
0.479000 63.899985
0.480000 63.220002
0.481000 62.534687
0.482000 61.844497
0.483000 61.149618
0.484000 60.450326
0.485000 59.747079
0.486000 59.040063
0.487000 58.329736
0.488000 57.616375
0.489000 56.900347
0.490000 56.181928
0.491000 55.461487
0.492000 54.739390
0.493000 54.016006
0.494000 53.291703
0.495000 52.566664
0.496000 51.841349
0.497000 51.116126
0.498000 50.391363
0.499000 49.667243
0.500000 48.944227
0.501000 48.222590
0.502000 47.502701
0.503000 46.784834
0.504000 46.069358
0.505000 45.356548
0.506000 44.646681
0.507000 43.940033
0.508000 43.236970
0.509000 42.537769
0.510000 41.842615
0.511000 41.151874
0.512000 40.465638
0.513000 39.784368
0.514000 39.108064
0.515000 38.437184
0.516000 37.771822
0.517000 37.112160
0.518000 36.458384
0.519000 35.810860
0.520000 35.169497
0.521000 34.534754
0.522000 33.906541
0.523000 33.285039
0.524000 32.670526
0.525000 32.063093
0.526000 31.462741
0.527000 30.869652
0.528000 30.283920
0.529000 29.705636
0.530000 29.134892
0.531000 28.571780
0.532000 28.016299
0.533000 27.468543
0.534000 26.928511
0.535000 26.396295
0.536000 25.871894
0.537000 25.355402
0.538000 24.846725
0.539000 24.345956
0.540000 23.853003
0.541000 23.367958
0.542000 22.890729
0.543000 22.421407
0.544000 21.959810
0.545000 21.506028
0.546000 21.059970
0.547000 20.621637
0.548000 20.190935
0.549000 19.767865
0.550000 19.352336
0.551000 18.944346
0.552000 18.543805
0.553000 18.150527
0.554000 17.764606
0.555000 17.385949
0.556000 17.014372
0.557000 16.649968
0.558000 16.292459
0.559000 15.941940
0.560000 15.598224
0.561000 15.261221
0.562000 14.930931
0.563000 14.607169
0.564000 14.289936
0.565000 13.979047
0.566000 13.674411
0.567000 13.376120
0.568000 13.083805
0.569000 12.797560
0.570000 12.517291
0.571000 12.242815
0.572000 11.974041
0.573000 11.710967
0.574000 11.453410
0.575000 11.201279
0.576000 10.954480
0.577000 10.713015
0.578000 10.476699
0.579000 10.245441
0.580000 10.019148
0.581000 9.797820
0.582000 9.581274
0.583000 9.369417
0.584000 9.162158
0.585000 8.959404
0.586000 8.761157
0.587000 8.567231
0.588000 8.377626
0.589000 8.192160
0.590000 8.010831
0.591000 7.833548
0.592000 7.660127
0.593000 7.490568
0.594000 7.324871
0.595000 7.162852
0.596000 7.004420
0.597000 6.849481
0.598000 6.698129
0.599000 6.550086
0.600000 6.405446
0.601000 6.264025
0.602000 6.125729
0.603000 5.990652
0.604000 5.858518
0.605000 5.729510
0.606000 5.603260
0.607000 5.479953
0.608000 5.359404
0.609000 5.241614
0.610000 5.126490
0.611000 5.014033
0.612000 4.904059
0.613000 4.796568
0.614000 4.691467
0.615000 4.588849
0.616000 4.488530
0.617000 4.390509
0.618000 4.294695
0.619000 4.200997
0.620000 4.109505
0.621000 4.020036
0.622000 3.932682
0.623000 3.847259
0.624000 3.763766
0.625000 3.682113
0.626000 3.602391
0.627000 3.524416
0.628000 3.448280
0.629000 3.373891
0.630000 3.301066
0.631000 3.229987
0.632000 3.160471
0.633000 3.092611
0.634000 3.026222
0.635000 2.961304
0.636000 2.897857
0.637000 2.835882
0.638000 2.775286
0.639000 2.716069
0.640000 2.658139
0.641000 2.601589
0.642000 2.546234
0.643000 2.492167
0.644000 2.439294
0.645000 2.387709
0.646000 2.337136
0.647000 2.287758
0.648000 2.239483
0.649000 2.192312
0.650000 2.146152
0.651000 2.101096
0.652000 2.056959
0.653000 2.013834
0.654000 1.971720
0.655000 1.930434
0.656000 1.890159
0.657000 1.850712
0.658000 1.812184
0.659000 1.774576
0.660000 1.737703
0.661000 1.701658
0.662000 1.666440
0.663000 1.631959
0.664000 1.598304
0.665000 1.565294
0.666000 1.533110
0.667000 1.501571
0.668000 1.470767
0.669000 1.440607
0.670000 1.411091
0.671000 1.382218
0.672000 1.353989
0.673000 1.326403
0.674000 1.299461
0.675000 1.272979
0.676000 1.247141
0.677000 1.221854
0.678000 1.197119
0.679000 1.172936
0.680000 1.149304
0.681000 1.126132
0.682000 1.103512
0.683000 1.081260
0.684000 1.059651
0.685000 1.038410
0.686000 1.017629
0.687000 0.997308
0.688000 0.977354
0.689000 0.957953
0.690000 0.938919
0.691000 0.920252
0.692000 0.901954
0.693000 0.884115
0.694000 0.866645
0.695000 0.849542
0.696000 0.832806
0.697000 0.816439
0.698000 0.800347
0.699000 0.784624
0.700000 0.769268
0.701000 0.754188
0.702000 0.739475
0.703000 0.725039
0.704000 0.710970
0.705000 0.697086
0.706000 0.683569
0.707000 0.670328
0.708000 0.657363
0.709000 0.644673
0.710000 0.632168
0.711000 0.620030
0.712000 0.608076
0.713000 0.596399
0.714000 0.584905
0.715000 0.573779
0.716000 0.562744
0.717000 0.551986
0.718000 0.541503
0.719000 0.531205
0.720000 0.521090
0.721000 0.511159
0.722000 0.501504
0.723000 0.491942
0.724000 0.482654
0.725000 0.473551
0.726000 0.464632
0.727000 0.455896
0.728000 0.447345
0.729000 0.438885
0.730000 0.430702
0.731000 0.422610
0.732000 0.414794
0.733000 0.406978
0.734000 0.399438
0.735000 0.391990
0.736000 0.384726
0.737000 0.377554
0.738000 0.370565
0.739000 0.363761
0.740000 0.357048
0.741000 0.350428
0.742000 0.343991
0.743000 0.337647
0.744000 0.331486
0.745000 0.325417
0.746000 0.319440
0.747000 0.313555
0.748000 0.307854
0.749000 0.302245
0.750000 0.296728
0.751000 0.291395
0.752000 0.286062
0.753000 0.280912
0.754000 0.275855
0.755000 0.270798
0.756000 0.265924
0.757000 0.261143
0.758000 0.256453
0.759000 0.251856
0.760000 0.247350
0.761000 0.242936
0.762000 0.238615
0.763000 0.234293
0.764000 0.230155
0.765000 0.226017
0.766000 0.222063
0.767000 0.218109
0.768000 0.214247
0.769000 0.210385
0.770000 0.206707
0.771000 0.203029
0.772000 0.199443
0.773000 0.195949
0.774000 0.192547
0.775000 0.189145
0.776000 0.185834
0.777000 0.182616
0.778000 0.179398
0.779000 0.176271
0.780000 0.173145
0.781000 0.170203
0.782000 0.167168
0.783000 0.164318
0.784000 0.161467
0.785000 0.158709
0.786000 0.155950
0.787000 0.153283
0.788000 0.150617
0.789000 0.148042
0.790000 0.145468
0.791000 0.142985
0.792000 0.140502
0.793000 0.138111
0.794000 0.135721
0.795000 0.133422
0.796000 0.131123
0.797000 0.128916
0.798000 0.126709
0.799000 0.124595
0.800000 0.122480
0.801000 0.120457
0.802000 0.118342
0.803000 0.116411
0.804000 0.114388
0.805000 0.112457
0.806000 0.110618
0.807000 0.108779
0.808000 0.106940
0.809000 0.105101
0.810000 0.103354
0.811000 0.101699
0.812000 0.099951
0.813000 0.098296
0.814000 0.096641
0.815000 0.095078
0.816000 0.093515
0.817000 0.091952
0.818000 0.090389
0.819000 0.088917
0.820000 0.087446
0.821000 0.085975
0.822000 0.084596
0.823000 0.083216
0.824000 0.081837
0.825000 0.080550
0.826000 0.079170
0.827000 0.077883
0.828000 0.076596
0.829000 0.075400
0.830000 0.074113
0.831000 0.072918
0.832000 0.071814
0.833000 0.070619
0.834000 0.069424
0.835000 0.068320
0.836000 0.067217
0.837000 0.066113
0.838000 0.065102
0.839000 0.064090
0.840000 0.062987
0.841000 0.061975
0.842000 0.061056
0.843000 0.060044
0.844000 0.059125
0.845000 0.058113
0.846000 0.057194
0.847000 0.056274
0.848000 0.055447
0.849000 0.054527
0.850000 0.053700
0.851000 0.052780
0.852000 0.051953
0.853000 0.051125
0.854000 0.050390
0.855000 0.049562
0.856000 0.048826
0.857000 0.047999
0.858000 0.047263
0.859000 0.046528
0.860000 0.045792
0.861000 0.045056
0.862000 0.044413
0.863000 0.043677
0.864000 0.043033
0.865000 0.042390
0.866000 0.041654
0.867000 0.041010
0.868000 0.040367
0.869000 0.039815
0.870000 0.039171
0.871000 0.038528
0.872000 0.037976
0.873000 0.037424
0.874000 0.036781
0.875000 0.036229
0.876000 0.035677
0.877000 0.035126
0.878000 0.034574
0.879000 0.034114
0.880000 0.033562
0.881000 0.033011
0.882000 0.032551
0.883000 0.032091
0.884000 0.031539
0.885000 0.031080
0.886000 0.030620
0.887000 0.030160
0.888000 0.029700
0.889000 0.029241
0.890000 0.028781
0.891000 0.028413
0.892000 0.027953
0.893000 0.027494
0.894000 0.027126
0.895000 0.026758
0.896000 0.026298
0.897000 0.025930
0.898000 0.025563
0.899000 0.025195
0.900000 0.024827
0.901000 0.024459
0.902000 0.024091
0.903000 0.023724
0.904000 0.023356
0.905000 0.022988
0.906000 0.022712
0.907000 0.022344
0.908000 0.021976
0.909000 0.021701
0.910000 0.021333
0.911000 0.021057
0.912000 0.020781
0.913000 0.020413
0.914000 0.020137
0.915000 0.019862
0.916000 0.019586
0.917000 0.019310
0.918000 0.019034
0.919000 0.018758
0.920000 0.018482
0.921000 0.018206
0.922000 0.017931
0.923000 0.017655
0.924000 0.017379
0.925000 0.017195
0.926000 0.016919
0.927000 0.016643
0.928000 0.016459
0.929000 0.016183
0.930000 0.015908
0.931000 0.015724
0.932000 0.015540
0.933000 0.015264
0.934000 0.015080
0.935000 0.014804
0.936000 0.014620
0.937000 0.014436
0.938000 0.014253
0.939000 0.013977
0.940000 0.013793
0.941000 0.013609
0.942000 0.013425
0.943000 0.013241
0.944000 0.013057
0.945000 0.012873
0.946000 0.012689
0.947000 0.012505
0.948000 0.012322
0.949000 0.012138
0.950000 0.011954
0.951000 0.011862
0.952000 0.011678
0.953000 0.011494
0.954000 0.011310
0.955000 0.011218
0.956000 0.011034
0.957000 0.010850
0.958000 0.010758
0.959000 0.010574
0.960000 0.010391
0.961000 0.010299
0.962000 0.010115
0.963000 0.010023
0.964000 0.009839
0.965000 0.009747
0.966000 0.009563
0.967000 0.009471
0.968000 0.009287
0.969000 0.009195
0.970000 0.009103
0.971000 0.008919
0.972000 0.008827
0.973000 0.008735
0.974000 0.008552
0.975000 0.008460
0.976000 0.008368
0.977000 0.008276
0.978000 0.008092
0.979000 0.008000
0.980000 0.007908
0.981000 0.007816
0.982000 0.007724
0.983000 0.007632
0.984000 0.007540
0.985000 0.007356
0.986000 0.007264
0.987000 0.007172
0.988000 0.007080
0.989000 0.006988
0.990000 0.006896
0.991000 0.006804
0.992000 0.006712
0.993000 0.006621
0.994000 0.006529
0.995000 0.006437
0.996000 0.006345
0.997000 0.006253
0.998000 0.006253
0.999000 0.006161
1.000000 0.006069
1.001000 0.005977
1.002000 0.005885
1.003000 0.005793
1.004000 0.005701
1.005000 0.005701
1.006000 0.005609
1.007000 0.005517
1.008000 0.005425
1.009000 0.005333
1.010000 0.005333
1.011000 0.005241
1.012000 0.005149
1.013000 0.005057
1.014000 0.005057
1.015000 0.004965
1.016000 0.004873
1.017000 0.004873
1.018000 0.004781
1.019000 0.004690
1.020000 0.004690
1.021000 0.004598
1.022000 0.004506
1.023000 0.004506
1.024000 0.004414
1.025000 0.004322
1.026000 0.004322
1.027000 0.004230
1.028000 0.004230
1.029000 0.004138
1.030000 0.004046
1.031000 0.004046
1.032000 0.003954
1.033000 0.003954
1.034000 0.003862
1.035000 0.003862
1.036000 0.003770
1.037000 0.003770
1.038000 0.003678
1.039000 0.003678
1.040000 0.003586
1.041000 0.003586
1.042000 0.003494
1.043000 0.003494
1.044000 0.003402
1.045000 0.003402
1.046000 0.003310
1.047000 0.003310
1.048000 0.003218
1.049000 0.003218
1.050000 0.003126
1.051000 0.003126
1.052000 0.003126
1.053000 0.003034
1.054000 0.003034
1.055000 0.002942
1.056000 0.002942
1.057000 0.002942
1.058000 0.002851
1.059000 0.002851
1.060000 0.002759
1.061000 0.002759
1.062000 0.002759
1.063000 0.002667
1.064000 0.002667
1.065000 0.002667
1.066000 0.002575
1.067000 0.002575
1.068000 0.002483
1.069000 0.002483
1.070000 0.002483
1.071000 0.002391
1.072000 0.002391
1.073000 0.002391
1.074000 0.002391
1.075000 0.002299
1.076000 0.002299
1.077000 0.002299
1.078000 0.002207
1.079000 0.002207
1.080000 0.002207
1.081000 0.002115
1.082000 0.002115
1.083000 0.002115
1.084000 0.002115
1.085000 0.002023
1.086000 0.002023
1.087000 0.002023
1.088000 0.002023
1.089000 0.001931
1.090000 0.001931
1.091000 0.001931
1.092000 0.001839
1.093000 0.001839
1.094000 0.001839
1.095000 0.001839
1.096000 0.001839
1.097000 0.001747
1.098000 0.001747
1.099000 0.001747
