1100 64
0.000000 0.000000
0.001000 0.000000
0.002000 0.000000
0.003000 0.000000
0.004000 0.000000
0.005000 0.000000
0.006000 0.000000
0.007000 0.000000
0.008000 0.000000
0.009000 0.000000
0.010000 0.000000
0.011000 0.000000
0.012000 0.000000
0.013000 0.000000
0.014000 0.000000
0.015000 0.000000
0.016000 0.000000
0.017000 0.000000
0.018000 0.000000
0.019000 0.000000
0.020000 0.000000
0.021000 0.000000
0.022000 0.000000
0.023000 0.000000
0.024000 0.000000
0.025000 0.000000
0.026000 0.000000
0.027000 0.000000
0.028000 0.000000
0.029000 0.000000
0.030000 0.000000
0.031000 0.000000
0.032000 0.000000
0.033000 0.000000
0.034000 0.000000
0.035000 0.000000
0.036000 0.000000
0.037000 0.000000
0.038000 0.000000
0.039000 0.000000
0.040000 0.000000
0.041000 0.000000
0.042000 0.000000
0.043000 0.000000
0.044000 0.000000
0.045000 0.000000
0.046000 0.000000
0.047000 0.000000
0.048000 0.000000
0.049000 0.000000
0.050000 0.000000
0.051000 0.000000
0.052000 0.000000
0.053000 0.000000
0.054000 0.000000
0.055000 0.000000
0.056000 0.000000
0.057000 0.000000
0.058000 0.000000
0.059000 0.000000
0.060000 0.000000
0.061000 0.000000
0.062000 0.000000
0.063000 0.000000
0.064000 0.000000
0.065000 0.000000
0.066000 0.000000
0.067000 0.000000
0.068000 0.000000
0.069000 0.000000
0.070000 0.000000
0.071000 0.000000
0.072000 0.000000
0.073000 0.000000
0.074000 0.000000
0.075000 0.000000
0.076000 0.000000
0.077000 0.000000
0.078000 0.000000
0.079000 0.000000
0.080000 0.000000
0.081000 0.000000
0.082000 0.000000
0.083000 0.000000
0.084000 0.000000
0.085000 0.000000
0.086000 0.000000
0.087000 0.000000
0.088000 0.000000
0.089000 0.000000
0.090000 0.000000
0.091000 0.000000
0.092000 0.000000
0.093000 0.000000
0.094000 0.000000
0.095000 0.000000
0.096000 0.000000
0.097000 0.000000
0.098000 0.000000
0.099000 0.000000
0.100000 0.000000
0.101000 0.038332
0.102000 0.153329
0.103000 0.344713
0.104000 0.612483
0.105000 0.955807
0.106000 1.374685
0.107000 1.868005
0.108000 2.435489
0.109000 3.076027
0.110000 3.788786
0.111000 4.572653
0.112000 5.426519
0.113000 6.349549
0.114000 7.340078
0.115000 8.396716
0.116000 9.518074
0.117000 10.702764
0.118000 11.949119
0.119000 13.255472
0.120000 14.619879
0.121000 16.041229
0.122000 17.517023
0.123000 19.045870
0.124000 20.625549
0.125000 22.254671
0.126000 23.930737
0.127000 25.652079
0.128000 27.416475
0.129000 29.222259
0.130000 31.067486
0.131000 32.949657
0.132000 34.867383
0.133000 36.818441
0.134000 38.800609
0.135000 40.812499
0.136000 42.851610
0.137000 44.916276
0.138000 47.004830
0.139000 49.115050
0.140000 51.245270
0.141000 53.393545
0.142000 55.558486
0.143000 57.738148
0.144000 59.930866
0.145000 62.134973
0.146000 64.348802
0.147000 66.570963
0.148000 68.799791
0.149000 71.034175
0.150000 73.272169
0.151000 75.512942
0.152000 77.754825
0.153000 79.996708
0.154000 82.237203
0.155000 84.475475
0.156000 86.710136
0.157000 88.940076
0.158000 91.164459
0.159000 93.381899
0.160000 95.592117
0.161000 97.793723
0.162000 99.985886
0.163000 102.168048
0.164000 104.339378
0.165000 106.498764
0.166000 108.646205
0.167000 110.780591
0.168000 112.901367
0.169000 115.008254
0.170000 117.100419
0.171000 119.177307
0.172000 121.238640
0.173000 123.284140
0.174000 125.313251
0.175000 127.325418
0.176000 129.320642
0.177000 131.298643
0.178000 133.258868
0.179000 135.201037
0.180000 137.125151
0.181000 139.030933
0.182000 140.918381
0.183000 142.786941
0.184000 144.636891
0.185000 146.467952
0.186000 148.280125
0.187000 150.072854
0.188000 151.846972
0.189000 153.601646
0.190000 155.337155
0.191000 157.053497
0.192000 158.750673
0.193000 160.428683
0.194000 162.087804
0.195000 163.727482
0.196000 165.348548
0.197000 166.950449
0.198000 168.533462
0.199000 170.097586
0.200000 171.643377
0.201000 173.170280
0.202000 174.678850
0.203000 176.168809
0.204000 177.640713
0.205000 179.094563
0.206000 180.530357
0.207000 181.948374
0.208000 183.348613
0.209000 184.731631
0.210000 186.096872
0.211000 187.445168
0.212000 188.776243
0.213000 190.090652
0.214000 191.388116
0.215000 192.668915
0.216000 193.933603
0.217000 195.181902
0.218000 196.414091
0.219000 197.630724
0.220000 198.831525
0.221000 200.016770
0.222000 201.186738
0.223000 202.341429
0.224000 203.481120
0.225000 204.606089
0.226000 205.716615
0.227000 206.812418
0.228000 207.894333
0.229000 208.961804
0.230000 210.015664
0.231000 211.055636
0.232000 212.081997
0.233000 213.095025
0.234000 214.094998
0.235000 215.081637
0.236000 216.055777
0.237000 217.017140
0.238000 217.965725
0.239000 218.902366
0.240000 219.826508
0.241000 220.738705
0.242000 221.639236
0.243000 222.528101
0.244000 223.405299
0.245000 224.271109
0.246000 225.125530
0.247000 225.969118
0.248000 226.801873
0.249000 227.623795
0.250000 228.435162
0.251000 229.235974
0.252000 230.026785
0.253000 230.807042
0.254000 231.577577
0.255000 232.338111
0.256000 233.088924
0.257000 233.830293
0.258000 234.562217
0.259000 235.284698
0.260000 235.998012
0.261000 236.702159
0.262000 237.397418
0.263000 238.084066
0.264000 238.761825
0.265000 239.430974
0.266000 240.091789
0.267000 240.744549
0.268000 241.388698
0.269000 242.025070
0.270000 242.653386
0.271000 243.273924
0.272000 243.886685
0.273000 244.491669
0.274000 245.089153
0.275000 245.679414
0.276000 246.262176
0.277000 246.837716
0.278000 247.406312
0.279000 247.967685
0.280000 248.522392
0.281000 249.070155
0.282000 249.610974
0.283000 250.145404
0.284000 250.673167
0.285000 251.194542
0.286000 251.709528
0.287000 252.218125
0.288000 252.720611
0.289000 253.216987
0.290000 253.707251
0.291000 254.191682
0.292000 254.670003
0.293000 255.142768
0.294000 255.609421
0.295000 256.070798
0.296000 256.526341
0.297000 256.976329
0.298000 257.421039
0.299000 257.860193
0.300000 258.294071
0.301000 258.722392
0.302000 259.145714
0.303000 259.564036
0.304000 259.977080
0.305000 260.385125
0.306000 260.788169
0.307000 261.186214
0.308000 261.579259
0.309000 261.967581
0.310000 262.351182
0.311000 262.730061
0.312000 263.103939
0.313000 263.473374
0.314000 263.838086
0.315000 264.198354
0.316000 264.553900
0.317000 264.905001
0.318000 265.251659
0.319000 265.593594
0.320000 265.931362
0.321000 266.264687
0.322000 266.593566
0.323000 266.918002
0.324000 267.238271
0.325000 267.554096
0.326000 267.865754
0.327000 268.172968
0.328000 268.476015
0.329000 268.774896
0.330000 269.069332
0.331000 269.359602
0.332000 269.645706
0.333000 269.927365
0.334000 270.204857
0.335000 270.478183
0.336000 270.747064
0.337000 271.011779
0.338000 271.272328
0.339000 271.528432
0.340000 271.780370
0.341000 272.027863
0.342000 272.271190
0.343000 272.510072
0.344000 272.744510
0.345000 272.974504
0.346000 273.200053
0.347000 273.420880
0.348000 273.637541
0.349000 273.849480
0.350000 274.056696
0.351000 274.259469
0.352000 274.457241
0.353000 274.650291
0.354000 274.838620
0.355000 275.021948
0.356000 275.200276
0.357000 275.373605
0.358000 275.541934
0.359000 275.704985
0.360000 275.862758
0.361000 276.014976
0.362000 276.161917
0.363000 276.303302
0.364000 276.438854
0.365000 276.568572
0.366000 276.692736
0.367000 276.810788
0.368000 276.922729
0.369000 277.028282
0.370000 277.127446
0.371000 277.220499
0.372000 277.306608
0.373000 277.385772
0.374000 277.458270
0.375000 277.523546
0.376000 277.581600
0.377000 277.632432
0.378000 277.675487
0.379000 277.710763
0.380000 277.737985
0.381000 277.757151
0.382000 277.767984
0.383000 277.770206
0.384000 277.763818
0.385000 277.748262
0.386000 277.723541
0.387000 277.689375
0.388000 277.645487
0.389000 277.591878
0.390000 277.527991
0.391000 277.453826
0.392000 277.368828
0.393000 277.272720
0.394000 277.165778
0.395000 277.047170
0.396000 276.916618
0.397000 276.774122
0.398000 276.619127
0.399000 276.451631
0.400000 276.271080
0.401000 276.077197
0.402000 275.869425
0.403000 275.647764
0.404000 275.411937
0.405000 275.161389
0.406000 274.895562
0.407000 274.614459
0.408000 274.317800
0.409000 274.004753
0.410000 273.675318
0.411000 273.328938
0.412000 272.965615
0.413000 272.584237
0.414000 272.185081
0.415000 271.767314
0.416000 271.330937
0.417000 270.875116
0.418000 270.399852
0.419000 269.904310
0.420000 269.388768
0.421000 268.852116
0.422000 268.294076
0.423000 267.714647
0.424000 267.112997
0.425000 266.489125
0.426000 265.842198
0.427000 265.171939
0.428000 264.478346
0.429000 263.760588
0.430000 263.018386
0.431000 262.251463
0.432000 261.459262
0.433000 260.641784
0.434000 259.798196
0.435000 258.928775
0.436000 258.032411
0.437000 257.109658
0.438000 256.159406
0.439000 255.181933
0.440000 254.176405
0.441000 253.143378
0.442000 252.081740
0.443000 250.991770
0.444000 249.873189
0.445000 248.725998
0.446000 247.549641
0.447000 246.344118
0.448000 245.109430
0.449000 243.845298
0.450000 242.551722
0.451000 241.228702
0.452000 239.876239
0.453000 238.494610
0.454000 237.083260
0.455000 235.642466
0.456000 234.172784
0.457000 232.673658
0.458000 231.145922
0.459000 229.589297
0.460000 228.004341
0.461000 226.390773
0.462000 224.749707
0.463000 223.080864
0.464000 221.384521
0.465000 219.661790
0.466000 217.912393
0.467000 216.137164
0.468000 214.336658
0.469000 212.511152
0.470000 210.661202
0.471000 208.787920
0.472000 206.891305
0.473000 204.972468
0.474000 203.031966
0.475000 201.070353
0.476000 199.088740
0.477000 197.087683
0.478000 195.068016
0.479000 193.030849
0.480000 190.976739
0.481000 188.906517
0.482000 186.821574
0.483000 184.722465
0.484000 182.610022
0.485000 180.485636
0.486000 178.349861
0.487000 176.204086
0.488000 174.049145
0.489000 171.886148
0.490000 169.715929
0.491000 167.539600
0.492000 165.358270
0.493000 163.173052
0.494000 160.985056
0.495000 158.794838
0.496000 156.603787
0.497000 154.413013
0.498000 152.223628
0.499000 150.036188
0.500000 147.852081
0.501000 145.672140
0.502000 143.497477
0.503000 141.328925
0.504000 139.167595
0.505000 137.014321
0.506000 134.869935
0.507000 132.735271
0.508000 130.611440
0.509000 128.499275
0.510000 126.399332
0.511000 124.312723
0.512000 122.239724
0.513000 120.181724
0.514000 118.138724
0.515000 116.112113
0.516000 114.102168
0.517000 112.109444
0.518000 110.134498
0.519000 108.178440
0.520000 106.240993
0.521000 104.323545
0.522000 102.425819
0.523000 100.548370
0.524000 98.692032
0.525000 96.857082
0.526000 95.043520
0.527000 93.251903
0.528000 91.482506
0.529000 89.735610
0.530000 88.011490
0.531000 86.310425
0.532000 84.632415
0.533000 82.977738
0.534000 81.346394
0.535000 79.738660
0.536000 78.154536
0.537000 76.594301
0.538000 75.057676
0.539000 73.544940
0.540000 72.055814
0.541000 70.590576
0.542000 69.148948
0.543000 67.731209
0.544000 66.336803
0.545000 64.966007
0.546000 63.618544
0.547000 62.294413
0.548000 60.993337
0.549000 59.715317
0.550000 58.460073
0.551000 57.227607
0.552000 56.017640
0.553000 54.829617
0.554000 53.663815
0.555000 52.519957
0.556000 51.397488
0.557000 50.296685
0.558000 49.216714
0.559000 48.157854
0.560000 47.119549
0.561000 46.101521
0.562000 45.103771
0.563000 44.125742
0.564000 43.167434
0.565000 42.228293
0.566000 41.308041
0.567000 40.406954
0.568000 39.523923
0.569000 38.659224
0.570000 37.812580
0.571000 36.983436
0.572000 36.171514
0.573000 35.376813
0.574000 34.598779
0.575000 33.837133
0.576000 33.091598
0.577000 32.362173
0.578000 31.648304
0.579000 30.949712
0.580000 30.266119
0.581000 29.597527
0.582000 28.943378
0.583000 28.303395
0.584000 27.677301
0.585000 27.064818
0.586000 26.465945
0.587000 25.880128
0.588000 25.307366
0.589000 24.747103
0.590000 24.199340
0.591000 23.663799
0.592000 23.139925
0.593000 22.627717
0.594000 22.127175
0.595000 21.637744
0.596000 21.159145
0.597000 20.691103
0.598000 20.233893
0.599000 19.786683
0.600000 19.349750
0.601000 18.922540
0.602000 18.504773
0.603000 18.096729
0.604000 17.697573
0.605000 17.307862
0.606000 16.926483
0.607000 16.553993
0.608000 16.189836
0.609000 15.834013
0.610000 15.486245
0.611000 15.146532
0.612000 14.814318
0.613000 14.489605
0.614000 14.172114
0.615000 13.862122
0.616000 13.559075
0.617000 13.262972
0.618000 12.973535
0.619000 12.690487
0.620000 12.414106
0.621000 12.143836
0.622000 11.879954
0.623000 11.621905
0.624000 11.369690
0.625000 11.123030
0.626000 10.882203
0.627000 10.646654
0.628000 10.416661
0.629000 10.191944
0.630000 9.971950
0.631000 9.757234
0.632000 9.547240
0.633000 9.342245
0.634000 9.141695
0.635000 8.945589
0.636000 8.753928
0.637000 8.566711
0.638000 8.383660
0.639000 8.204776
0.640000 8.029781
0.641000 7.858952
0.642000 7.691735
0.643000 7.528406
0.644000 7.368688
0.645000 7.212859
0.646000 7.060085
0.647000 6.910923
0.648000 6.765093
0.649000 6.622597
0.650000 6.483157
0.651000 6.347049
0.652000 6.213720
0.653000 6.083445
0.654000 5.956227
0.655000 5.831508
0.656000 5.709844
0.657000 5.590681
0.658000 5.474295
0.659000 5.360687
0.660000 5.249301
0.661000 5.140415
0.662000 5.034029
0.663000 4.929866
0.664000 4.828202
0.665000 4.728482
0.666000 4.631263
0.667000 4.535987
0.668000 4.442934
0.669000 4.351826
0.670000 4.262662
0.671000 4.175442
0.672000 4.090166
0.673000 4.006835
0.674000 3.925449
0.675000 3.845451
0.676000 3.767397
0.677000 3.691011
0.678000 3.616290
0.679000 3.543237
0.680000 3.471850
0.681000 3.401852
0.682000 3.333520
0.683000 3.266300
0.684000 3.201024
0.685000 3.136859
0.686000 3.074083
0.687000 3.012696
0.688000 2.952420
0.689000 2.893810
0.690000 2.836312
0.691000 2.779924
0.692000 2.724648
0.693000 2.670761
0.694000 2.617984
0.695000 2.566319
0.696000 2.515765
0.697000 2.466322
0.698000 2.417712
0.699000 2.370213
0.700000 2.323826
0.701000 2.278271
0.702000 2.233828
0.703000 2.190218
0.704000 2.147719
0.705000 2.105776
0.706000 2.064944
0.707000 2.024945
0.708000 1.985779
0.709000 1.947447
0.710000 1.909670
0.711000 1.873005
0.712000 1.836894
0.713000 1.801618
0.714000 1.766896
0.715000 1.733286
0.716000 1.699954
0.717000 1.667455
0.718000 1.635789
0.719000 1.604678
0.720000 1.574124
0.721000 1.544125
0.722000 1.514959
0.723000 1.486071
0.724000 1.458016
0.725000 1.430517
0.726000 1.403573
0.727000 1.377185
0.728000 1.351352
0.729000 1.325797
0.730000 1.301076
0.731000 1.276632
0.732000 1.253021
0.733000 1.229411
0.734000 1.206634
0.735000 1.184134
0.736000 1.162191
0.737000 1.140524
0.738000 1.119414
0.739000 1.098859
0.740000 1.078582
0.741000 1.058582
0.742000 1.039138
0.743000 1.019972
0.744000 1.001362
0.745000 0.983029
0.746000 0.964974
0.747000 0.947196
0.748000 0.929975
0.749000 0.913031
0.750000 0.896364
0.751000 0.880254
0.752000 0.864143
0.753000 0.848588
0.754000 0.833311
0.755000 0.818033
0.756000 0.803311
0.757000 0.788867
0.758000 0.774701
0.759000 0.760813
0.760000 0.747202
0.761000 0.733869
0.762000 0.720814
0.763000 0.707758
0.764000 0.695259
0.765000 0.682759
0.766000 0.670815
0.767000 0.658871
0.768000 0.647205
0.769000 0.635538
0.770000 0.624427
0.771000 0.613317
0.772000 0.602484
0.773000 0.591928
0.774000 0.581651
0.775000 0.571373
0.776000 0.561374
0.777000 0.551652
0.778000 0.541930
0.779000 0.532485
0.780000 0.523041
0.781000 0.514153
0.782000 0.504986
0.783000 0.496375
0.784000 0.487764
0.785000 0.479431
0.786000 0.471098
0.787000 0.463043
0.788000 0.454988
0.789000 0.447210
0.790000 0.439432
0.791000 0.431933
0.792000 0.424433
0.793000 0.417211
0.794000 0.409989
0.795000 0.403045
0.796000 0.396100
0.797000 0.389434
0.798000 0.382767
0.799000 0.376379
0.800000 0.369990
0.801000 0.363879
0.802000 0.357490
0.803000 0.351657
0.804000 0.345546
0.805000 0.339713
0.806000 0.334158
0.807000 0.328602
0.808000 0.323047
0.809000 0.317491
0.810000 0.312214
0.811000 0.307214
0.812000 0.301936
0.813000 0.296936
0.814000 0.291936
0.815000 0.287214
0.816000 0.282492
0.817000 0.277770
0.818000 0.273048
0.819000 0.268604
0.820000 0.264159
0.821000 0.259715
0.822000 0.255549
0.823000 0.251382
0.824000 0.247215
0.825000 0.243327
0.826000 0.239160
0.827000 0.235271
0.828000 0.231383
0.829000 0.227772
0.830000 0.223883
0.831000 0.220272
0.832000 0.216939
0.833000 0.213328
0.834000 0.209717
0.835000 0.206383
0.836000 0.203050
0.837000 0.199717
0.838000 0.196661
0.839000 0.193606
0.840000 0.190273
0.841000 0.187217
0.842000 0.184439
0.843000 0.181384
0.844000 0.178606
0.845000 0.175551
0.846000 0.172773
0.847000 0.169995
0.848000 0.167495
0.849000 0.164718
0.850000 0.162218
0.851000 0.159440
0.852000 0.156940
0.853000 0.154440
0.854000 0.152218
0.855000 0.149718
0.856000 0.147496
0.857000 0.144996
0.858000 0.142774
0.859000 0.140552
0.860000 0.138330
0.861000 0.136107
0.862000 0.134163
0.863000 0.131941
0.864000 0.129996
0.865000 0.128052
0.866000 0.125830
0.867000 0.123886
0.868000 0.121941
0.869000 0.120274
0.870000 0.118330
0.871000 0.116386
0.872000 0.114719
0.873000 0.113052
0.874000 0.111108
0.875000 0.109441
0.876000 0.107775
0.877000 0.106108
0.878000 0.104442
0.879000 0.103053
0.880000 0.101386
0.881000 0.099720
0.882000 0.098331
0.883000 0.096942
0.884000 0.095275
0.885000 0.093886
0.886000 0.092497
0.887000 0.091109
0.888000 0.089720
0.889000 0.088331
0.890000 0.086942
0.891000 0.085831
0.892000 0.084442
0.893000 0.083053
0.894000 0.081942
0.895000 0.080831
0.896000 0.079442
0.897000 0.078331
0.898000 0.077220
0.899000 0.076109
0.900000 0.074998
0.901000 0.073887
0.902000 0.072776
0.903000 0.071665
0.904000 0.070554
0.905000 0.069443
0.906000 0.068609
0.907000 0.067498
0.908000 0.066387
0.909000 0.065554
0.910000 0.064443
0.911000 0.063609
0.912000 0.062776
0.913000 0.061665
0.914000 0.060832
0.915000 0.059998
0.916000 0.059165
0.917000 0.058332
0.918000 0.057498
0.919000 0.056665
0.920000 0.055832
0.921000 0.054999
0.922000 0.054165
0.923000 0.053332
0.924000 0.052499
0.925000 0.051943
0.926000 0.051110
0.927000 0.050276
0.928000 0.049721
0.929000 0.048888
0.930000 0.048054
0.931000 0.047499
0.932000 0.046943
0.933000 0.046110
0.934000 0.045554
0.935000 0.044721
0.936000 0.044165
0.937000 0.043610
0.938000 0.043054
0.939000 0.042221
0.940000 0.041666
0.941000 0.041110
0.942000 0.040554
0.943000 0.039999
0.944000 0.039443
0.945000 0.038888
0.946000 0.038332
0.947000 0.037777
0.948000 0.037221
0.949000 0.036666
0.950000 0.036110
0.951000 0.035832
0.952000 0.035277
0.953000 0.034721
0.954000 0.034166
0.955000 0.033888
0.956000 0.033332
0.957000 0.032777
0.958000 0.032499
0.959000 0.031944
0.960000 0.031388
0.961000 0.031110
0.962000 0.030555
0.963000 0.030277
0.964000 0.029721
0.965000 0.029444
0.966000 0.028888
0.967000 0.028610
0.968000 0.028055
0.969000 0.027777
0.970000 0.027499
0.971000 0.026944
0.972000 0.026666
0.973000 0.026388
0.974000 0.025833
0.975000 0.025555
0.976000 0.025277
0.977000 0.024999
0.978000 0.024444
0.979000 0.024166
0.980000 0.023888
0.981000 0.023610
0.982000 0.023333
0.983000 0.023055
0.984000 0.022777
0.985000 0.022222
0.986000 0.021944
0.987000 0.021666
0.988000 0.021388
0.989000 0.021111
0.990000 0.020833
0.991000 0.020555
0.992000 0.020277
0.993000 0.019999
0.994000 0.019722
0.995000 0.019444
0.996000 0.019166
0.997000 0.018888
0.998000 0.018888
0.999000 0.018611
1.000000 0.018333
1.001000 0.018055
1.002000 0.017777
1.003000 0.017500
1.004000 0.017222
1.005000 0.017222
1.006000 0.016944
1.007000 0.016666
1.008000 0.016388
1.009000 0.016111
1.010000 0.016111
1.011000 0.015833
1.012000 0.015555
1.013000 0.015277
1.014000 0.015277
1.015000 0.015000
1.016000 0.014722
1.017000 0.014722
1.018000 0.014444
1.019000 0.014166
1.020000 0.014166
1.021000 0.013889
1.022000 0.013611
1.023000 0.013611
1.024000 0.013333
1.025000 0.013055
1.026000 0.013055
1.027000 0.012777
1.028000 0.012777
1.029000 0.012500
1.030000 0.012222
1.031000 0.012222
1.032000 0.011944
1.033000 0.011944
1.034000 0.011666
1.035000 0.011666
1.036000 0.011389
1.037000 0.011389
1.038000 0.011111
1.039000 0.011111
1.040000 0.010833
1.041000 0.010833
1.042000 0.010555
1.043000 0.010555
1.044000 0.010277
1.045000 0.010277
1.046000 0.010000
1.047000 0.010000
1.048000 0.009722
1.049000 0.009722
1.050000 0.009444
1.051000 0.009444
1.052000 0.009444
1.053000 0.009166
1.054000 0.009166
1.055000 0.008889
1.056000 0.008889
1.057000 0.008889
1.058000 0.008611
1.059000 0.008611
1.060000 0.008333
1.061000 0.008333
1.062000 0.008333
1.063000 0.008055
1.064000 0.008055
1.065000 0.008055
1.066000 0.007778
1.067000 0.007778
1.068000 0.007500
1.069000 0.007500
1.070000 0.007500
1.071000 0.007222
1.072000 0.007222
1.073000 0.007222
1.074000 0.007222
1.075000 0.006944
1.076000 0.006944
1.077000 0.006944
1.078000 0.006666
1.079000 0.006666
1.080000 0.006666
1.081000 0.006389
1.082000 0.006389
1.083000 0.006389
1.084000 0.006389
1.085000 0.006111
1.086000 0.006111
1.087000 0.006111
1.088000 0.006111
1.089000 0.005833
1.090000 0.005833
1.091000 0.005833
1.092000 0.005555
1.093000 0.005555
1.094000 0.005555
1.095000 0.005555
1.096000 0.005555
1.097000 0.005278
1.098000 0.005278
1.099000 0.005278
