1100 64
0.000000 0.000000
0.001000 0.000000
0.002000 0.000000
0.003000 0.000000
0.004000 0.000000
0.005000 0.000000
0.006000 0.000000
0.007000 0.000000
0.008000 0.000000
0.009000 0.000000
0.010000 0.000000
0.011000 0.000000
0.012000 0.000000
0.013000 0.000000
0.014000 0.000000
0.015000 0.000000
0.016000 0.000000
0.017000 0.000000
0.018000 0.000000
0.019000 0.000000
0.020000 0.000000
0.021000 0.000000
0.022000 0.000000
0.023000 0.000000
0.024000 0.000000
0.025000 0.000000
0.026000 0.000000
0.027000 0.000000
0.028000 0.000000
0.029000 0.000000
0.030000 0.000000
0.031000 0.000000
0.032000 0.000000
0.033000 0.000000
0.034000 0.000000
0.035000 0.000000
0.036000 0.000000
0.037000 0.000000
0.038000 0.000000
0.039000 0.000000
0.040000 0.000000
0.041000 0.000000
0.042000 0.000000
0.043000 0.000000
0.044000 0.000000
0.045000 0.000000
0.046000 0.000000
0.047000 0.000000
0.048000 0.000000
0.049000 0.000000
0.050000 0.000000
0.051000 0.000000
0.052000 0.000000
0.053000 0.000000
0.054000 0.000000
0.055000 0.000000
0.056000 0.000000
0.057000 0.000000
0.058000 0.000000
0.059000 0.000000
0.060000 0.000000
0.061000 0.000000
0.062000 0.000000
0.063000 0.000000
0.064000 0.000000
0.065000 0.000000
0.066000 0.000000
0.067000 0.000000
0.068000 0.000000
0.069000 0.000000
0.070000 0.000000
0.071000 0.000000
0.072000 0.000000
0.073000 0.000000
0.074000 0.000000
0.075000 0.000000
0.076000 0.000000
0.077000 0.000000
0.078000 0.000000
0.079000 0.000000
0.080000 0.000000
0.081000 0.000000
0.082000 0.000000
0.083000 0.000000
0.084000 0.000000
0.085000 0.000000
0.086000 0.000000
0.087000 0.000000
0.088000 0.000000
0.089000 0.000000
0.090000 0.000000
0.091000 0.000000
0.092000 0.000000
0.093000 0.000000
0.094000 0.000000
0.095000 0.000000
0.096000 0.000000
0.097000 0.000000
0.098000 0.000000
0.099000 0.000000
0.100000 0.000000
0.101000 0.010126
0.102000 0.040504
0.103000 0.091060
0.104000 0.161794
0.105000 0.252487
0.106000 0.363138
0.107000 0.493453
0.108000 0.643361
0.109000 0.812566
0.110000 1.000848
0.111000 1.207915
0.112000 1.433473
0.113000 1.677302
0.114000 1.938960
0.115000 2.218083
0.116000 2.514301
0.117000 2.827250
0.118000 3.156488
0.119000 3.501575
0.120000 3.861998
0.121000 4.237463
0.122000 4.627310
0.123000 5.031171
0.124000 5.448460
0.125000 5.878810
0.126000 6.321561
0.127000 6.776272
0.128000 7.242356
0.129000 7.719373
0.130000 8.206810
0.131000 8.704006
0.132000 9.210593
0.133000 9.725986
0.134000 10.249597
0.135000 10.781060
0.136000 11.319713
0.137000 11.865116
0.138000 12.416830
0.139000 12.974268
0.140000 13.536988
0.141000 14.104478
0.142000 14.676370
0.143000 15.252152
0.144000 15.831382
0.145000 16.413620
0.146000 16.998427
0.147000 17.585434
0.148000 18.174203
0.149000 18.764440
0.150000 19.355630
0.151000 19.947554
0.152000 20.539772
0.153000 21.131989
0.154000 21.723840
0.155000 22.315103
0.156000 22.905413
0.157000 23.494476
0.158000 24.082070
0.159000 24.667831
0.160000 25.251684
0.161000 25.833262
0.162000 26.412345
0.163000 26.988787
0.164000 27.562367
0.165000 28.132791
0.166000 28.700061
0.167000 29.263882
0.168000 29.824108
0.169000 30.380665
0.170000 30.933333
0.171000 31.481965
0.172000 32.026488
0.173000 32.566829
0.174000 33.102840
0.175000 33.634376
0.176000 34.161435
0.177000 34.683946
0.178000 35.201760
0.179000 35.714805
0.180000 36.223080
0.181000 36.726513
0.182000 37.225103
0.183000 37.718703
0.184000 38.207387
0.185000 38.691082
0.186000 39.169786
0.187000 39.643355
0.188000 40.112007
0.189000 40.575523
0.190000 41.033977
0.191000 41.487367
0.192000 41.935694
0.193000 42.378958
0.194000 42.817233
0.195000 43.250371
0.196000 43.678594
0.197000 44.101753
0.198000 44.519923
0.199000 44.933103
0.200000 45.341440
0.201000 45.744788
0.202000 46.143293
0.203000 46.536882
0.204000 46.925701
0.205000 47.309751
0.206000 47.689031
0.207000 48.063616
0.208000 48.433504
0.209000 48.798843
0.210000 49.159486
0.211000 49.515653
0.212000 49.867271
0.213000 50.214486
0.214000 50.557225
0.215000 50.895562
0.216000 51.229643
0.217000 51.559394
0.218000 51.884890
0.219000 52.206277
0.220000 52.523481
0.221000 52.836577
0.222000 53.145636
0.223000 53.450660
0.224000 53.751722
0.225000 54.048894
0.226000 54.342252
0.227000 54.631720
0.228000 54.917519
0.229000 55.199503
0.230000 55.477892
0.231000 55.752611
0.232000 56.023736
0.233000 56.291338
0.234000 56.555491
0.235000 56.816123
0.236000 57.073452
0.237000 57.327407
0.238000 57.577986
0.239000 57.825409
0.240000 58.069531
0.241000 58.310498
0.242000 58.548383
0.243000 58.783186
0.244000 59.014908
0.245000 59.243620
0.246000 59.469325
0.247000 59.692168
0.248000 59.912149
0.249000 60.129269
0.250000 60.343600
0.251000 60.555143
0.252000 60.764044
0.253000 60.970157
0.254000 61.173702
0.255000 61.374606
0.256000 61.572941
0.257000 61.768781
0.258000 61.962127
0.259000 62.152978
0.260000 62.341408
0.261000 62.527416
0.262000 62.711076
0.263000 62.892461
0.264000 63.071499
0.265000 63.248261
0.266000 63.422823
0.267000 63.595256
0.268000 63.765415
0.269000 63.933520
0.270000 64.099496
0.271000 64.263418
0.272000 64.425285
0.273000 64.585098
0.274000 64.742930
0.275000 64.898854
0.276000 65.052797
0.277000 65.204832
0.278000 65.355033
0.279000 65.503325
0.280000 65.649857
0.281000 65.794555
0.282000 65.937418
0.283000 66.078593
0.284000 66.218007
0.285000 66.355734
0.286000 66.491773
0.287000 66.626125
0.288000 66.758862
0.289000 66.889985
0.290000 67.019493
0.291000 67.147461
0.292000 67.273814
0.293000 67.398700
0.294000 67.521972
0.295000 67.643850
0.296000 67.764186
0.297000 67.883055
0.298000 68.000530
0.299000 68.116538
0.300000 68.231151
0.301000 68.344297
0.302000 68.456122
0.303000 68.566626
0.304000 68.675736
0.305000 68.783525
0.306000 68.889994
0.307000 68.995142
0.308000 69.098969
0.309000 69.201548
0.310000 69.302880
0.311000 69.402965
0.312000 69.501729
0.313000 69.599319
0.314000 69.695662
0.315000 69.790831
0.316000 69.884752
0.317000 69.977499
0.318000 70.069072
0.319000 70.159398
0.320000 70.248623
0.321000 70.336675
0.322000 70.423552
0.323000 70.509255
0.324000 70.593857
0.325000 70.677286
0.326000 70.759614
0.327000 70.840768
0.328000 70.920821
0.329000 70.999773
0.330000 71.077552
0.331000 71.154230
0.332000 71.229807
0.333000 71.304210
0.334000 71.377513
0.335000 71.449715
0.336000 71.520743
0.337000 71.590670
0.338000 71.659497
0.339000 71.727150
0.340000 71.793702
0.341000 71.859080
0.342000 71.923357
0.343000 71.986460
0.344000 72.048390
0.345000 72.109145
0.346000 72.168726
0.347000 72.227060
0.348000 72.284293
0.349000 72.340279
0.350000 72.395018
0.351000 72.448582
0.352000 72.500826
0.353000 72.551822
0.354000 72.601571
0.355000 72.649999
0.356000 72.697107
0.357000 72.742893
0.358000 72.787359
0.359000 72.830431
0.360000 72.872108
0.361000 72.912318
0.362000 72.951134
0.363000 72.988483
0.364000 73.024290
0.365000 73.058557
0.366000 73.091356
0.367000 73.122541
0.368000 73.152111
0.369000 73.179994
0.370000 73.206189
0.371000 73.230770
0.372000 73.253517
0.373000 73.274429
0.374000 73.293580
0.375000 73.310823
0.376000 73.326159
0.377000 73.339587
0.378000 73.350960
0.379000 73.360279
0.380000 73.367470
0.381000 73.372533
0.382000 73.375394
0.383000 73.375981
0.384000 73.374294
0.385000 73.370184
0.386000 73.363654
0.387000 73.354629
0.388000 73.343035
0.389000 73.328874
0.390000 73.311997
0.391000 73.292406
0.392000 73.269953
0.393000 73.244565
0.394000 73.216315
0.395000 73.184984
0.396000 73.150497
0.397000 73.112855
0.398000 73.071911
0.399000 73.027665
0.400000 72.979971
0.401000 72.928755
0.402000 72.873869
0.403000 72.815315
0.404000 72.753019
0.405000 72.686834
0.406000 72.616613
0.407000 72.542357
0.408000 72.463991
0.409000 72.381296
0.410000 72.294272
0.411000 72.202773
0.412000 72.106797
0.413000 72.006052
0.414000 71.900610
0.415000 71.790253
0.416000 71.674979
0.417000 71.554569
0.418000 71.429023
0.419000 71.298120
0.420000 71.161934
0.421000 71.020172
0.422000 70.872760
0.423000 70.719697
0.424000 70.560765
0.425000 70.395962
0.426000 70.225070
0.427000 70.048014
0.428000 69.864794
0.429000 69.675190
0.430000 69.479130
0.431000 69.276538
0.432000 69.067270
0.433000 68.851325
0.434000 68.628482
0.435000 68.398815
0.436000 68.162031
0.437000 67.918276
0.438000 67.667256
0.439000 67.409046
0.440000 67.143425
0.441000 66.870540
0.442000 66.590097
0.443000 66.302170
0.444000 66.006685
0.445000 65.703642
0.446000 65.392895
0.447000 65.074443
0.448000 64.748287
0.449000 64.414352
0.450000 64.072641
0.451000 63.723151
0.452000 63.365883
0.453000 63.000911
0.454000 62.628088
0.455000 62.247486
0.456000 61.859254
0.457000 61.463244
0.458000 61.059676
0.459000 60.648477
0.460000 60.229794
0.461000 59.803553
0.462000 59.370047
0.463000 58.929204
0.464000 58.481097
0.465000 58.026019
0.466000 57.563897
0.467000 57.094952
0.468000 56.619328
0.469000 56.137102
0.470000 55.648418
0.471000 55.153570
0.472000 54.652559
0.473000 54.145677
0.474000 53.633073
0.475000 53.114892
0.476000 52.591427
0.477000 52.062827
0.478000 51.529310
0.479000 50.991171
0.480000 50.448555
0.481000 49.901684
0.482000 49.350924
0.483000 48.796422
0.484000 48.238397
0.485000 47.677218
0.486000 47.113030
0.487000 46.546200
0.488000 45.976950
0.489000 45.405571
0.490000 44.832284
0.491000 44.257383
0.492000 43.681162
0.493000 43.103913
0.494000 42.525930
0.495000 41.947361
0.496000 41.368571
0.497000 40.789855
0.498000 40.211505
0.499000 39.633669
0.500000 39.056714
0.501000 38.480859
0.502000 37.906399
0.503000 37.333552
0.504000 36.762614
0.505000 36.193803
0.506000 35.627341
0.507000 35.063446
0.508000 34.502414
0.509000 33.944463
0.510000 33.389740
0.511000 32.838540
0.512000 32.290935
0.513000 31.747292
0.514000 31.207612
0.515000 30.672261
0.516000 30.141312
0.517000 29.614913
0.518000 29.093210
0.519000 28.576496
0.520000 28.064699
0.521000 27.558184
0.522000 27.056879
0.523000 26.560931
0.524000 26.070559
0.525000 25.585838
0.526000 25.106766
0.527000 24.633491
0.528000 24.166086
0.529000 23.704624
0.530000 23.249180
0.531000 22.799825
0.532000 22.356561
0.533000 21.919460
0.534000 21.488523
0.535000 21.063823
0.536000 20.645360
0.537000 20.233207
0.538000 19.827291
0.539000 19.427685
0.540000 19.034317
0.541000 18.647258
0.542000 18.266437
0.543000 17.891926
0.544000 17.523578
0.545000 17.161468
0.546000 16.805521
0.547000 16.455738
0.548000 16.112045
0.549000 15.774442
0.550000 15.442856
0.551000 15.117287
0.552000 14.797661
0.553000 14.483832
0.554000 14.175873
0.555000 13.873710
0.556000 13.577198
0.557000 13.286409
0.558000 13.001123
0.559000 12.721414
0.560000 12.447135
0.561000 12.178212
0.562000 11.914645
0.563000 11.656288
0.564000 11.403141
0.565000 11.155057
0.566000 10.911962
0.567000 10.673931
0.568000 10.440668
0.569000 10.212249
0.570000 9.988599
0.571000 9.769572
0.572000 9.555094
0.573000 9.345165
0.574000 9.139639
0.575000 8.938442
0.576000 8.741501
0.577000 8.548815
0.578000 8.360239
0.579000 8.175699
0.580000 7.995120
0.581000 7.818504
0.582000 7.645704
0.583000 7.476646
0.584000 7.311256
0.585000 7.149462
0.586000 6.991263
0.587000 6.836514
0.588000 6.685212
0.589000 6.537213
0.590000 6.392515
0.591000 6.251047
0.592000 6.112659
0.593000 5.977354
0.594000 5.845131
0.595000 5.715842
0.596000 5.589415
0.597000 5.465777
0.598000 5.345000
0.599000 5.226865
0.600000 5.111444
0.601000 4.998592
0.602000 4.888234
0.603000 4.780445
0.604000 4.675004
0.605000 4.572057
0.606000 4.471312
0.607000 4.372915
0.608000 4.276719
0.609000 4.182724
0.610000 4.090858
0.611000 4.001119
0.612000 3.913361
0.613000 3.827585
0.614000 3.743716
0.615000 3.661828
0.616000 3.581775
0.617000 3.503556
0.618000 3.427099
0.619000 3.352328
0.620000 3.279319
0.621000 3.207925
0.622000 3.138217
0.623000 3.070051
0.624000 3.003426
0.625000 2.938268
0.626000 2.874651
0.627000 2.812428
0.628000 2.751673
0.629000 2.692312
0.630000 2.634198
0.631000 2.577478
0.632000 2.522006
0.633000 2.467854
0.634000 2.414877
0.635000 2.363073
0.636000 2.312444
0.637000 2.262989
0.638000 2.214634
0.639000 2.167380
0.640000 2.121153
0.641000 2.076027
0.642000 2.031854
0.643000 1.988709
0.644000 1.946518
0.645000 1.905354
0.646000 1.864997
0.647000 1.825594
0.648000 1.787072
0.649000 1.749430
0.650000 1.712595
0.651000 1.676641
0.652000 1.641421
0.653000 1.607007
0.654000 1.573401
0.655000 1.540455
0.656000 1.508317
0.657000 1.476838
0.658000 1.446094
0.659000 1.416083
0.660000 1.386659
0.661000 1.357896
0.662000 1.329793
0.663000 1.302277
0.664000 1.275421
0.665000 1.249079
0.666000 1.223398
0.667000 1.198230
0.668000 1.173649
0.669000 1.149581
0.670000 1.126028
0.671000 1.102988
0.672000 1.080461
0.673000 1.058449
0.674000 1.036949
0.675000 1.015817
0.676000 0.995198
0.677000 0.975020
0.678000 0.955282
0.679000 0.935984
0.680000 0.917126
0.681000 0.898636
0.682000 0.880585
0.683000 0.862828
0.684000 0.845585
0.685000 0.828635
0.686000 0.812052
0.687000 0.795836
0.688000 0.779913
0.689000 0.764431
0.690000 0.749242
0.691000 0.734347
0.692000 0.719745
0.693000 0.705510
0.694000 0.691569
0.695000 0.677921
0.696000 0.664566
0.697000 0.651505
0.698000 0.638665
0.699000 0.626117
0.700000 0.613863
0.701000 0.601830
0.702000 0.590090
0.703000 0.578570
0.704000 0.567343
0.705000 0.556263
0.706000 0.545477
0.707000 0.534911
0.708000 0.524565
0.709000 0.514439
0.710000 0.504460
0.711000 0.494774
0.712000 0.485235
0.713000 0.475917
0.714000 0.466745
0.715000 0.457866
0.716000 0.449061
0.717000 0.440476
0.718000 0.432111
0.719000 0.423893
0.720000 0.415822
0.721000 0.407897
0.722000 0.400193
0.723000 0.392561
0.724000 0.385151
0.725000 0.377886
0.726000 0.370769
0.727000 0.363798
0.728000 0.356974
0.729000 0.350224
0.730000 0.343693
0.731000 0.337236
0.732000 0.330999
0.733000 0.324762
0.734000 0.318745
0.735000 0.312802
0.736000 0.307005
0.737000 0.301282
0.738000 0.295705
0.739000 0.290275
0.740000 0.284919
0.741000 0.279636
0.742000 0.274500
0.743000 0.269437
0.744000 0.264520
0.745000 0.259678
0.746000 0.254908
0.747000 0.250212
0.748000 0.245663
0.749000 0.241187
0.750000 0.236784
0.751000 0.232528
0.752000 0.228273
0.753000 0.224164
0.754000 0.220128
0.755000 0.216092
0.756000 0.212203
0.757000 0.208388
0.758000 0.204646
0.759000 0.200977
0.760000 0.197381
0.761000 0.193859
0.762000 0.190411
0.763000 0.186962
0.764000 0.183660
0.765000 0.180358
0.766000 0.177203
0.767000 0.174048
0.768000 0.170966
0.769000 0.167884
0.770000 0.164949
0.771000 0.162014
0.772000 0.159153
0.773000 0.156364
0.774000 0.153649
0.775000 0.150934
0.776000 0.148293
0.777000 0.145725
0.778000 0.143157
0.779000 0.140662
0.780000 0.138167
0.781000 0.135819
0.782000 0.133398
0.783000 0.131123
0.784000 0.128848
0.785000 0.126647
0.786000 0.124446
0.787000 0.122318
0.788000 0.120190
0.789000 0.118135
0.790000 0.116081
0.791000 0.114100
0.792000 0.112118
0.793000 0.110211
0.794000 0.108303
0.795000 0.106469
0.796000 0.104634
0.797000 0.102873
0.798000 0.101112
0.799000 0.099424
0.800000 0.097737
0.801000 0.096123
0.802000 0.094435
0.803000 0.092894
0.804000 0.091280
0.805000 0.089739
0.806000 0.088271
0.807000 0.086804
0.808000 0.085336
0.809000 0.083869
0.810000 0.082475
0.811000 0.081154
0.812000 0.079760
0.813000 0.078439
0.814000 0.077118
0.815000 0.075871
0.816000 0.074623
0.817000 0.073376
0.818000 0.072129
0.819000 0.070955
0.820000 0.069781
0.821000 0.068607
0.822000 0.067506
0.823000 0.066405
0.824000 0.065305
0.825000 0.064277
0.826000 0.063177
0.827000 0.062149
0.828000 0.061122
0.829000 0.060168
0.830000 0.059141
0.831000 0.058187
0.832000 0.057307
0.833000 0.056353
0.834000 0.055399
0.835000 0.054518
0.836000 0.053638
0.837000 0.052757
0.838000 0.051950
0.839000 0.051143
0.840000 0.050263
0.841000 0.049455
0.842000 0.048722
0.843000 0.047915
0.844000 0.047181
0.845000 0.046374
0.846000 0.045640
0.847000 0.044906
0.848000 0.044246
0.849000 0.043512
0.850000 0.042852
0.851000 0.042118
0.852000 0.041457
0.853000 0.040797
0.854000 0.040210
0.855000 0.039550
0.856000 0.038963
0.857000 0.038302
0.858000 0.037715
0.859000 0.037128
0.860000 0.036541
0.861000 0.035954
0.862000 0.035441
0.863000 0.034854
0.864000 0.034340
0.865000 0.033826
0.866000 0.033239
0.867000 0.032726
0.868000 0.032212
0.869000 0.031772
0.870000 0.031258
0.871000 0.030745
0.872000 0.030304
0.873000 0.029864
0.874000 0.029350
0.875000 0.028910
0.876000 0.028470
0.877000 0.028030
0.878000 0.027589
0.879000 0.027222
0.880000 0.026782
0.881000 0.026342
0.882000 0.025975
0.883000 0.025608
0.884000 0.025168
0.885000 0.024801
0.886000 0.024434
0.887000 0.024067
0.888000 0.023700
0.889000 0.023334
0.890000 0.022967
0.891000 0.022673
0.892000 0.022306
0.893000 0.021939
0.894000 0.021646
0.895000 0.021352
0.896000 0.020986
0.897000 0.020692
0.898000 0.020399
0.899000 0.020105
0.900000 0.019812
0.901000 0.019518
0.902000 0.019225
0.903000 0.018931
0.904000 0.018637
0.905000 0.018344
0.906000 0.018124
0.907000 0.017830
0.908000 0.017537
0.909000 0.017317
0.910000 0.017023
0.911000 0.016803
0.912000 0.016583
0.913000 0.016289
0.914000 0.016069
0.915000 0.015849
0.916000 0.015629
0.917000 0.015409
0.918000 0.015189
0.919000 0.014969
0.920000 0.014749
0.921000 0.014528
0.922000 0.014308
0.923000 0.014088
0.924000 0.013868
0.925000 0.013721
0.926000 0.013501
0.927000 0.013281
0.928000 0.013134
0.929000 0.012914
0.930000 0.012694
0.931000 0.012547
0.932000 0.012401
0.933000 0.012180
0.934000 0.012034
0.935000 0.011814
0.936000 0.011667
0.937000 0.011520
0.938000 0.011373
0.939000 0.011153
0.940000 0.011006
0.941000 0.010860
0.942000 0.010713
0.943000 0.010566
0.944000 0.010419
0.945000 0.010273
0.946000 0.010126
0.947000 0.009979
0.948000 0.009832
0.949000 0.009686
0.950000 0.009539
0.951000 0.009466
0.952000 0.009319
0.953000 0.009172
0.954000 0.009025
0.955000 0.008952
0.956000 0.008805
0.957000 0.008658
0.958000 0.008585
0.959000 0.008438
0.960000 0.008291
0.961000 0.008218
0.962000 0.008071
0.963000 0.007998
0.964000 0.007851
0.965000 0.007778
0.966000 0.007631
0.967000 0.007558
0.968000 0.007411
0.969000 0.007338
0.970000 0.007264
0.971000 0.007117
0.972000 0.007044
0.973000 0.006971
0.974000 0.006824
0.975000 0.006751
0.976000 0.006677
0.977000 0.006604
0.978000 0.006457
0.979000 0.006384
0.980000 0.006310
0.981000 0.006237
0.982000 0.006164
0.983000 0.006090
0.984000 0.006017
0.985000 0.005870
0.986000 0.005797
0.987000 0.005723
0.988000 0.005650
0.989000 0.005577
0.990000 0.005503
0.991000 0.005430
0.992000 0.005356
0.993000 0.005283
0.994000 0.005210
0.995000 0.005136
0.996000 0.005063
0.997000 0.004990
0.998000 0.004990
0.999000 0.004916
1.000000 0.004843
1.001000 0.004769
1.002000 0.004696
1.003000 0.004623
1.004000 0.004549
1.005000 0.004549
1.006000 0.004476
1.007000 0.004403
1.008000 0.004329
1.009000 0.004256
1.010000 0.004256
1.011000 0.004182
1.012000 0.004109
1.013000 0.004036
1.014000 0.004036
1.015000 0.003962
1.016000 0.003889
1.017000 0.003889
1.018000 0.003816
1.019000 0.003742
1.020000 0.003742
1.021000 0.003669
1.022000 0.003595
1.023000 0.003595
1.024000 0.003522
1.025000 0.003449
1.026000 0.003449
1.027000 0.003375
1.028000 0.003375
1.029000 0.003302
1.030000 0.003229
1.031000 0.003229
1.032000 0.003155
1.033000 0.003155
1.034000 0.003082
1.035000 0.003082
1.036000 0.003008
1.037000 0.003008
1.038000 0.002935
1.039000 0.002935
1.040000 0.002862
1.041000 0.002862
1.042000 0.002788
1.043000 0.002788
1.044000 0.002715
1.045000 0.002715
1.046000 0.002642
1.047000 0.002642
1.048000 0.002568
1.049000 0.002568
1.050000 0.002495
1.051000 0.002495
1.052000 0.002495
1.053000 0.002421
1.054000 0.002421
1.055000 0.002348
1.056000 0.002348
1.057000 0.002348
1.058000 0.002275
1.059000 0.002275
1.060000 0.002201
1.061000 0.002201
1.062000 0.002201
1.063000 0.002128
1.064000 0.002128
1.065000 0.002128
1.066000 0.002055
1.067000 0.002055
1.068000 0.001981
1.069000 0.001981
1.070000 0.001981
1.071000 0.001908
1.072000 0.001908
1.073000 0.001908
1.074000 0.001908
1.075000 0.001834
1.076000 0.001834
1.077000 0.001834
1.078000 0.001761
1.079000 0.001761
1.080000 0.001761
1.081000 0.001688
1.082000 0.001688
1.083000 0.001688
1.084000 0.001688
1.085000 0.001614
1.086000 0.001614
1.087000 0.001614
1.088000 0.001614
1.089000 0.001541
1.090000 0.001541
1.091000 0.001541
1.092000 0.001468
1.093000 0.001468
1.094000 0.001468
1.095000 0.001468
1.096000 0.001468
1.097000 0.001394
1.098000 0.001394
1.099000 0.001394
