sample i_eta i_a1 Eta_Max a1
s001 0 0 50.000000 1.500000
s002 0 1 50.000000 2.000000
s003 0 2 50.000000 2.500000
s004 0 3 50.000000 3.000000
s005 0 4 50.000000 3.500000
s006 0 5 50.000000 4.000000
s007 0 6 50.000000 4.500000
s008 0 7 50.000000 5.000000
s009 0 8 50.000000 5.500000
s010 0 9 50.000000 6.000000
s011 1 0 77.777778 1.500000
s012 1 1 77.777778 2.000000
s013 1 2 77.777778 2.500000
s014 1 3 77.777778 3.000000
s015 1 4 77.777778 3.500000
s016 1 5 77.777778 4.000000
s017 1 6 77.777778 4.500000
s018 1 7 77.777778 5.000000
s019 1 8 77.777778 5.500000
s020 1 9 77.777778 6.000000
s021 2 0 105.555556 1.500000
s022 2 1 105.555556 2.000000
s023 2 2 105.555556 2.500000
s024 2 3 105.555556 3.000000
s025 2 4 105.555556 3.500000
s026 2 5 105.555556 4.000000
s027 2 6 105.555556 4.500000
s028 2 7 105.555556 5.000000
s029 2 8 105.555556 5.500000
s030 2 9 105.555556 6.000000
s031 3 0 133.333333 1.500000
s032 3 1 133.333333 2.000000
s033 3 2 133.333333 2.500000
s034 3 3 133.333333 3.000000
s035 3 4 133.333333 3.500000
s036 3 5 133.333333 4.000000
s037 3 6 133.333333 4.500000
s038 3 7 133.333333 5.000000
s039 3 8 133.333333 5.500000
s040 3 9 133.333333 6.000000
s041 4 0 161.111111 1.500000
s042 4 1 161.111111 2.000000
s043 4 2 161.111111 2.500000
s044 4 3 161.111111 3.000000
s045 4 4 161.111111 3.500000
s046 4 5 161.111111 4.000000
s047 4 6 161.111111 4.500000
s048 4 7 161.111111 5.000000
s049 4 8 161.111111 5.500000
s050 4 9 161.111111 6.000000
s051 5 0 188.888889 1.500000
s052 5 1 188.888889 2.000000
s053 5 2 188.888889 2.500000
s054 5 3 188.888889 3.000000
s055 5 4 188.888889 3.500000
s056 5 5 188.888889 4.000000
s057 5 6 188.888889 4.500000
s058 5 7 188.888889 5.000000
s059 5 8 188.888889 5.500000
s060 5 9 188.888889 6.000000
s061 6 0 216.666667 1.500000
s062 6 1 216.666667 2.000000
s063 6 2 216.666667 2.500000
s064 6 3 216.666667 3.000000
s065 6 4 216.666667 3.500000
s066 6 5 216.666667 4.000000
s067 6 6 216.666667 4.500000
s068 6 7 216.666667 5.000000
s069 6 8 216.666667 5.500000
s070 6 9 216.666667 6.000000
s071 7 0 244.444444 1.500000
s072 7 1 244.444444 2.000000
s073 7 2 244.444444 2.500000
s074 7 3 244.444444 3.000000
s075 7 4 244.444444 3.500000
s076 7 5 244.444444 4.000000
s077 7 6 244.444444 4.500000
s078 7 7 244.444444 5.000000
s079 7 8 244.444444 5.500000
s080 7 9 244.444444 6.000000
s081 8 0 272.222222 1.500000
s082 8 1 272.222222 2.000000
s083 8 2 272.222222 2.500000
s084 8 3 272.222222 3.000000
s085 8 4 272.222222 3.500000
s086 8 5 272.222222 4.000000
s087 8 6 272.222222 4.500000
s088 8 7 272.222222 5.000000
s089 8 8 272.222222 5.500000
s090 8 9 272.222222 6.000000
s091 9 0 300.000000 1.500000
s092 9 1 300.000000 2.000000
s093 9 2 300.000000 2.500000
s094 9 3 300.000000 3.000000
s095 9 4 300.000000 3.500000
s096 9 5 300.000000 4.000000
s097 9 6 300.000000 4.500000
s098 9 7 300.000000 5.000000
s099 9 8 300.000000 5.500000
s100 9 9 300.000000 6.000000
