1100 64
0.000000 0.000000
0.001000 0.000000
0.002000 0.000000
0.003000 0.000000
0.004000 0.000000
0.005000 0.000000
0.006000 0.000000
0.007000 0.000000
0.008000 0.000000
0.009000 0.000000
0.010000 0.000000
0.011000 0.000000
0.012000 0.000000
0.013000 0.000000
0.014000 0.000000
0.015000 0.000000
0.016000 0.000000
0.017000 0.000000
0.018000 0.000000
0.019000 0.000000
0.020000 0.000000
0.021000 0.000000
0.022000 0.000000
0.023000 0.000000
0.024000 0.000000
0.025000 0.000000
0.026000 0.000000
0.027000 0.000000
0.028000 0.000000
0.029000 0.000000
0.030000 0.000000
0.031000 0.000000
0.032000 0.000000
0.033000 0.000000
0.034000 0.000000
0.035000 0.000000
0.036000 0.000000
0.037000 0.000000
0.038000 0.000000
0.039000 0.000000
0.040000 0.000000
0.041000 0.000000
0.042000 0.000000
0.043000 0.000000
0.044000 0.000000
0.045000 0.000000
0.046000 0.000000
0.047000 0.000000
0.048000 0.000000
0.049000 0.000000
0.050000 0.000000
0.051000 0.000000
0.052000 0.000000
0.053000 0.000000
0.054000 0.000000
0.055000 0.000000
0.056000 0.000000
0.057000 0.000000
0.058000 0.000000
0.059000 0.000000
0.060000 0.000000
0.061000 0.000000
0.062000 0.000000
0.063000 0.000000
0.064000 0.000000
0.065000 0.000000
0.066000 0.000000
0.067000 0.000000
0.068000 0.000000
0.069000 0.000000
0.070000 0.000000
0.071000 0.000000
0.072000 0.000000
0.073000 0.000000
0.074000 0.000000
0.075000 0.000000
0.076000 0.000000
0.077000 0.000000
0.078000 0.000000
0.079000 0.000000
0.080000 0.000000
0.081000 0.000000
0.082000 0.000000
0.083000 0.000000
0.084000 0.000000
0.085000 0.000000
0.086000 0.000000
0.087000 0.000000
0.088000 0.000000
0.089000 0.000000
0.090000 0.000000
0.091000 0.000000
0.092000 0.000000
0.093000 0.000000
0.094000 0.000000
0.095000 0.000000
0.096000 0.000000
0.097000 0.000000
0.098000 0.000000
0.099000 0.000000
0.100000 0.000000
0.101000 0.029715
0.102000 0.118860
0.103000 0.267219
0.104000 0.474793
0.105000 0.740935
0.106000 1.065646
0.107000 1.448064
0.108000 1.887974
0.109000 2.384515
0.110000 2.937040
0.111000 3.544689
0.112000 4.206600
0.113000 4.922127
0.114000 5.689978
0.115000 6.509076
0.116000 7.378345
0.117000 8.296709
0.118000 9.262874
0.119000 10.275551
0.120000 11.333230
0.121000 12.435050
0.122000 13.579075
0.123000 14.764227
0.124000 15.988783
0.125000 17.251668
0.126000 18.550942
0.127000 19.885314
0.128000 21.253062
0.129000 22.652894
0.130000 24.083301
0.131000 25.542347
0.132000 27.028955
0.133000 28.541402
0.134000 30.077965
0.135000 31.637568
0.136000 33.218273
0.137000 34.818787
0.138000 36.437820
0.139000 38.073648
0.140000 39.724980
0.141000 41.390308
0.142000 43.068555
0.143000 44.758215
0.144000 46.457995
0.145000 48.166603
0.146000 49.882747
0.147000 51.605352
0.148000 53.333124
0.149000 55.065203
0.150000 56.800081
0.151000 58.537112
0.152000 60.275004
0.153000 62.012897
0.154000 63.749713
0.155000 65.484806
0.156000 67.217100
0.157000 68.945734
0.158000 70.670061
0.159000 72.389004
0.160000 74.102350
0.161000 75.809020
0.162000 77.508369
0.163000 79.199967
0.164000 80.883167
0.165000 82.557108
0.166000 84.221789
0.167000 85.876351
0.168000 87.520362
0.169000 89.153606
0.170000 90.775438
0.171000 92.385427
0.172000 93.983358
0.173000 95.569015
0.174000 97.141968
0.175000 98.701787
0.176000 100.248470
0.177000 101.781803
0.178000 103.301356
0.179000 104.806912
0.180000 106.298472
0.181000 107.775821
0.182000 109.238958
0.183000 110.687453
0.184000 112.121521
0.185000 113.540947
0.186000 114.945731
0.187000 116.335442
0.188000 117.710726
0.189000 119.070938
0.190000 120.416292
0.191000 121.746788
0.192000 123.062427
0.193000 124.363209
0.194000 125.649348
0.195000 126.920415
0.196000 128.177055
0.197000 129.418838
0.198000 130.645978
0.199000 131.858476
0.200000 133.056763
0.201000 134.240407
0.202000 135.409840
0.203000 136.564847
0.204000 137.705857
0.205000 138.832871
0.206000 139.945888
0.207000 141.045125
0.208000 142.130581
0.209000 143.202687
0.210000 144.261012
0.211000 145.306203
0.212000 146.338043
0.213000 147.356963
0.214000 148.362749
0.215000 149.355615
0.216000 150.335992
0.217000 151.303665
0.218000 152.258849
0.219000 153.201975
0.220000 154.132827
0.221000 155.051622
0.222000 155.958573
0.223000 156.853681
0.224000 157.737162
0.225000 158.609230
0.226000 159.470102
0.227000 160.319561
0.228000 161.158254
0.229000 161.985750
0.230000 162.802695
0.231000 163.608874
0.232000 164.404502
0.233000 165.189794
0.234000 165.964966
0.235000 166.729803
0.236000 167.484949
0.237000 168.230191
0.238000 168.965528
0.239000 169.691606
0.240000 170.407994
0.241000 171.115123
0.242000 171.813208
0.243000 172.502250
0.244000 173.182248
0.245000 173.853418
0.246000 174.515759
0.247000 175.169703
0.248000 175.815249
0.249000 176.452397
0.250000 177.081363
0.251000 177.702147
0.252000 178.315179
0.253000 178.920028
0.254000 179.517341
0.255000 180.106903
0.256000 180.688927
0.257000 181.263631
0.258000 181.831014
0.259000 182.391076
0.260000 182.944032
0.261000 183.489882
0.262000 184.028842
0.263000 184.561127
0.264000 185.086521
0.265000 185.605240
0.266000 186.117500
0.267000 186.623515
0.268000 187.122855
0.269000 187.616166
0.270000 188.103232
0.271000 188.584269
0.272000 189.059278
0.273000 189.528257
0.274000 189.991422
0.275000 190.448989
0.276000 190.900742
0.277000 191.346896
0.278000 191.787668
0.279000 192.222841
0.280000 192.652846
0.281000 193.077468
0.282000 193.496706
0.283000 193.910993
0.284000 194.320111
0.285000 194.724277
0.286000 195.123491
0.287000 195.517752
0.288000 195.907276
0.289000 196.292063
0.290000 196.672112
0.291000 197.047640
0.292000 197.418431
0.293000 197.784915
0.294000 198.146662
0.295000 198.504317
0.296000 198.857451
0.297000 199.206279
0.298000 199.551015
0.299000 199.891445
0.300000 200.227783
0.301000 200.559815
0.302000 200.887971
0.303000 201.212252
0.304000 201.532441
0.305000 201.848754
0.306000 202.161191
0.307000 202.469753
0.308000 202.774438
0.309000 203.075464
0.310000 203.372828
0.311000 203.666532
0.312000 203.956360
0.313000 204.242743
0.314000 204.525466
0.315000 204.804743
0.316000 205.080360
0.317000 205.352531
0.318000 205.621258
0.319000 205.886323
0.320000 206.148159
0.321000 206.406550
0.322000 206.661495
0.323000 206.912996
0.324000 207.161266
0.325000 207.406091
0.326000 207.647686
0.327000 207.885836
0.328000 208.120757
0.329000 208.352447
0.330000 208.580692
0.331000 208.805707
0.332000 209.027492
0.333000 209.245833
0.334000 209.460943
0.335000 209.672823
0.336000 209.881258
0.337000 210.086463
0.338000 210.288439
0.339000 210.486969
0.340000 210.682269
0.341000 210.874124
0.342000 211.062749
0.343000 211.247929
0.344000 211.429664
0.345000 211.607954
0.346000 211.782798
0.347000 211.953982
0.348000 212.121936
0.349000 212.286229
0.350000 212.446862
0.351000 212.604050
0.352000 212.757362
0.353000 212.907013
0.354000 213.053004
0.355000 213.195118
0.356000 213.333357
0.357000 213.467721
0.358000 213.598208
0.359000 213.724604
0.360000 213.846909
0.361000 213.964907
0.362000 214.078814
0.363000 214.188415
0.364000 214.293494
0.365000 214.394051
0.366000 214.490302
0.367000 214.581815
0.368000 214.668591
0.369000 214.750415
0.370000 214.827286
0.371000 214.899420
0.372000 214.966171
0.373000 215.027539
0.374000 215.083739
0.375000 215.134340
0.376000 215.179343
0.377000 215.218748
0.378000 215.252123
0.379000 215.279470
0.380000 215.300572
0.381000 215.315429
0.382000 215.323827
0.383000 215.325549
0.384000 215.320597
0.385000 215.308539
0.386000 215.289375
0.387000 215.262890
0.388000 215.228868
0.389000 215.187310
0.390000 215.137786
0.391000 215.080294
0.392000 215.014404
0.393000 214.939901
0.394000 214.857001
0.395000 214.765057
0.396000 214.663854
0.397000 214.553392
0.398000 214.433240
0.399000 214.303399
0.400000 214.163437
0.401000 214.013140
0.402000 213.852077
0.403000 213.680247
0.404000 213.497435
0.405000 213.303212
0.406000 213.097145
0.407000 212.879236
0.408000 212.649268
0.409000 212.406596
0.410000 212.151220
0.411000 211.882709
0.412000 211.601063
0.413000 211.305421
0.414000 210.995999
0.415000 210.672149
0.416000 210.333873
0.417000 209.980523
0.418000 209.612101
0.419000 209.227960
0.420000 208.828316
0.421000 208.412307
0.422000 207.979718
0.423000 207.530549
0.424000 207.064154
0.425000 206.580533
0.426000 206.079040
0.427000 205.559459
0.428000 205.021791
0.429000 204.465390
0.430000 203.890040
0.431000 203.295526
0.432000 202.681418
0.433000 202.047715
0.434000 201.393771
0.435000 200.719802
0.436000 200.024947
0.437000 199.309635
0.438000 198.573006
0.439000 197.815276
0.440000 197.035797
0.441000 196.235002
0.442000 195.412027
0.443000 194.567090
0.444000 193.699974
0.445000 192.810679
0.446000 191.898776
0.447000 190.964263
0.448000 190.007141
0.449000 189.027194
0.450000 188.024423
0.451000 186.998827
0.452000 185.950407
0.453000 184.879378
0.454000 183.785309
0.455000 182.668415
0.456000 181.529128
0.457000 180.367016
0.458000 179.182725
0.459000 177.976041
0.460000 176.747393
0.461000 175.496567
0.462000 174.224424
0.463000 172.930748
0.464000 171.615755
0.465000 170.280306
0.466000 168.924185
0.467000 167.548040
0.468000 166.152300
0.469000 164.737180
0.470000 163.303112
0.471000 161.850956
0.472000 160.380714
0.473000 158.893245
0.474000 157.388980
0.475000 155.868351
0.476000 154.332219
0.477000 152.781014
0.478000 151.215382
0.479000 149.636184
0.480000 148.043852
0.481000 146.439030
0.482000 144.822797
0.483000 143.195582
0.484000 141.558031
0.485000 139.911221
0.486000 138.255583
0.487000 136.592193
0.488000 134.921697
0.489000 133.244957
0.490000 131.562619
0.491000 129.875543
0.492000 128.184592
0.493000 126.490625
0.494000 124.794506
0.495000 123.096664
0.496000 121.398176
0.497000 119.699904
0.498000 118.002708
0.499000 116.307019
0.500000 114.613914
0.501000 112.924039
0.502000 111.238255
0.503000 109.557209
0.504000 107.881761
0.505000 106.212557
0.506000 104.550244
0.507000 102.895467
0.508000 101.249088
0.509000 99.611752
0.510000 97.983891
0.511000 96.366366
0.512000 94.759391
0.513000 93.164044
0.514000 91.580325
0.515000 90.009310
0.516000 88.451214
0.517000 86.906468
0.518000 85.375504
0.519000 83.859181
0.520000 82.357285
0.521000 80.870893
0.522000 79.399789
0.523000 77.944404
0.524000 76.505383
0.525000 75.082942
0.526000 73.677082
0.527000 72.288232
0.528000 70.916608
0.529000 69.562426
0.530000 68.225900
0.531000 66.907247
0.532000 65.606465
0.533000 64.323771
0.534000 63.059164
0.535000 61.812859
0.536000 60.584858
0.537000 59.375374
0.538000 58.184193
0.539000 57.011530
0.540000 55.857170
0.541000 54.721328
0.542000 53.603788
0.543000 52.504767
0.544000 51.423832
0.545000 50.361201
0.546000 49.316657
0.547000 48.290200
0.548000 47.281615
0.549000 46.290902
0.550000 45.317846
0.551000 44.362446
0.552000 43.424488
0.553000 42.503541
0.554000 41.599820
0.555000 40.713109
0.556000 39.842978
0.557000 38.989643
0.558000 38.152457
0.559000 37.331636
0.560000 36.526750
0.561000 35.737581
0.562000 34.964132
0.563000 34.205971
0.564000 33.463098
0.565000 32.735082
0.566000 32.021708
0.567000 31.323192
0.568000 30.638672
0.569000 29.968364
0.570000 29.312052
0.571000 28.669305
0.572000 28.039908
0.573000 27.423862
0.574000 26.820735
0.575000 26.230312
0.576000 25.652379
0.577000 25.086934
0.578000 24.533547
0.579000 23.992003
0.580000 23.462087
0.581000 22.943799
0.582000 22.436707
0.583000 21.940597
0.584000 21.455253
0.585000 20.980460
0.586000 20.516218
0.587000 20.062097
0.588000 19.618095
0.589000 19.183784
0.590000 18.759162
0.591000 18.344014
0.592000 17.937910
0.593000 17.540850
0.594000 17.152833
0.595000 16.773430
0.596000 16.402424
0.597000 16.039600
0.598000 15.685174
0.599000 15.338500
0.600000 14.999793
0.601000 14.668622
0.602000 14.344773
0.603000 14.028460
0.604000 13.719037
0.605000 13.416935
0.606000 13.121293
0.607000 12.832541
0.608000 12.550250
0.609000 12.274418
0.610000 12.004830
0.611000 11.741487
0.612000 11.483958
0.613000 11.232242
0.614000 10.986125
0.615000 10.745822
0.616000 10.510901
0.617000 10.281364
0.618000 10.056995
0.619000 9.837578
0.620000 9.623329
0.621000 9.413818
0.622000 9.209258
0.623000 9.009221
0.624000 8.813705
0.625000 8.622496
0.626000 8.435809
0.627000 8.253213
0.628000 8.074923
0.629000 7.900725
0.630000 7.730187
0.631000 7.563741
0.632000 7.400954
0.633000 7.242044
0.634000 7.086579
0.635000 6.934559
0.636000 6.785985
0.637000 6.640855
0.638000 6.498956
0.639000 6.360286
0.640000 6.224631
0.641000 6.092206
0.642000 5.962580
0.643000 5.835968
0.644000 5.712156
0.645000 5.591359
0.646000 5.472929
0.647000 5.357300
0.648000 5.244254
0.649000 5.133792
0.650000 5.025698
0.651000 4.920189
0.652000 4.816833
0.653000 4.715845
0.654000 4.617226
0.655000 4.520545
0.656000 4.426232
0.657000 4.333857
0.658000 4.243636
0.659000 4.155568
0.660000 4.069222
0.661000 3.984815
0.662000 3.902345
0.663000 3.821598
0.664000 3.742789
0.665000 3.665487
0.666000 3.590123
0.667000 3.516266
0.668000 3.444132
0.669000 3.373505
0.670000 3.304386
0.671000 3.236774
0.672000 3.170669
0.673000 3.106071
0.674000 3.042981
0.675000 2.980967
0.676000 2.920460
0.677000 2.861246
0.678000 2.803323
0.679000 2.746693
0.680000 2.691354
0.681000 2.637092
0.682000 2.584122
0.683000 2.532013
0.684000 2.481412
0.685000 2.431671
0.686000 2.383008
0.687000 2.335421
0.688000 2.288695
0.689000 2.243262
0.690000 2.198689
0.691000 2.154978
0.692000 2.112128
0.693000 2.070355
0.694000 2.029443
0.695000 1.989393
0.696000 1.950204
0.697000 1.911876
0.698000 1.874194
0.699000 1.837373
0.700000 1.801414
0.701000 1.766100
0.702000 1.731648
0.703000 1.697842
0.704000 1.664897
0.705000 1.632383
0.706000 1.600730
0.707000 1.569723
0.708000 1.539362
0.709000 1.509647
0.710000 1.480363
0.711000 1.451940
0.712000 1.423948
0.713000 1.396602
0.714000 1.369686
0.715000 1.343631
0.716000 1.317792
0.717000 1.292599
0.718000 1.268052
0.719000 1.243936
0.720000 1.220250
0.721000 1.196995
0.722000 1.174386
0.723000 1.151992
0.724000 1.130244
0.725000 1.108927
0.726000 1.088040
0.727000 1.067584
0.728000 1.047559
0.729000 1.027749
0.730000 1.008585
0.731000 0.989636
0.732000 0.971334
0.733000 0.953031
0.734000 0.935374
0.735000 0.917933
0.736000 0.900922
0.737000 0.884127
0.738000 0.867762
0.739000 0.851828
0.740000 0.836109
0.741000 0.820606
0.742000 0.805533
0.743000 0.790675
0.744000 0.776249
0.745000 0.762037
0.746000 0.748041
0.747000 0.734260
0.748000 0.720910
0.749000 0.707775
0.750000 0.694856
0.751000 0.682367
0.752000 0.669878
0.753000 0.657820
0.754000 0.645977
0.755000 0.634134
0.756000 0.622721
0.757000 0.611525
0.758000 0.600543
0.759000 0.589777
0.760000 0.579226
0.761000 0.568890
0.762000 0.558770
0.763000 0.548649
0.764000 0.538960
0.765000 0.529270
0.766000 0.520011
0.767000 0.510752
0.768000 0.501709
0.769000 0.492665
0.770000 0.484052
0.771000 0.475439
0.772000 0.467041
0.773000 0.458859
0.774000 0.450892
0.775000 0.442925
0.776000 0.435173
0.777000 0.427637
0.778000 0.420100
0.779000 0.412779
0.780000 0.405458
0.781000 0.398568
0.782000 0.391462
0.783000 0.384787
0.784000 0.378112
0.785000 0.371652
0.786000 0.365192
0.787000 0.358948
0.788000 0.352703
0.789000 0.346674
0.790000 0.340645
0.791000 0.334831
0.792000 0.329017
0.793000 0.323419
0.794000 0.317821
0.795000 0.312437
0.796000 0.307054
0.797000 0.301886
0.798000 0.296719
0.799000 0.291766
0.800000 0.286814
0.801000 0.282076
0.802000 0.277124
0.803000 0.272602
0.804000 0.267865
0.805000 0.263343
0.806000 0.259037
0.807000 0.254730
0.808000 0.250424
0.809000 0.246117
0.810000 0.242026
0.811000 0.238150
0.812000 0.234059
0.813000 0.230183
0.814000 0.226307
0.815000 0.222647
0.816000 0.218986
0.817000 0.215326
0.818000 0.211665
0.819000 0.208220
0.820000 0.204775
0.821000 0.201329
0.822000 0.198100
0.823000 0.194870
0.824000 0.191640
0.825000 0.188625
0.826000 0.185395
0.827000 0.182381
0.828000 0.179366
0.829000 0.176567
0.830000 0.173552
0.831000 0.170753
0.832000 0.168169
0.833000 0.165370
0.834000 0.162571
0.835000 0.159987
0.836000 0.157403
0.837000 0.154819
0.838000 0.152450
0.839000 0.150082
0.840000 0.147498
0.841000 0.145129
0.842000 0.142976
0.843000 0.140608
0.844000 0.138454
0.845000 0.136086
0.846000 0.133932
0.847000 0.131779
0.848000 0.129841
0.849000 0.127688
0.850000 0.125750
0.851000 0.123597
0.852000 0.121659
0.853000 0.119721
0.854000 0.117998
0.855000 0.116060
0.856000 0.114338
0.857000 0.112400
0.858000 0.110677
0.859000 0.108955
0.860000 0.107232
0.861000 0.105510
0.862000 0.104002
0.863000 0.102280
0.864000 0.100772
0.865000 0.099265
0.866000 0.097542
0.867000 0.096035
0.868000 0.094528
0.869000 0.093236
0.870000 0.091729
0.871000 0.090221
0.872000 0.088929
0.873000 0.087637
0.874000 0.086130
0.875000 0.084838
0.876000 0.083546
0.877000 0.082254
0.878000 0.080962
0.879000 0.079886
0.880000 0.078594
0.881000 0.077302
0.882000 0.076225
0.883000 0.075149
0.884000 0.073857
0.885000 0.072780
0.886000 0.071703
0.887000 0.070627
0.888000 0.069550
0.889000 0.068474
0.890000 0.067397
0.891000 0.066536
0.892000 0.065459
0.893000 0.064382
0.894000 0.063521
0.895000 0.062660
0.896000 0.061583
0.897000 0.060722
0.898000 0.059861
0.899000 0.058999
0.900000 0.058138
0.901000 0.057277
0.902000 0.056415
0.903000 0.055554
0.904000 0.054693
0.905000 0.053831
0.906000 0.053185
0.907000 0.052324
0.908000 0.051463
0.909000 0.050817
0.910000 0.049956
0.911000 0.049310
0.912000 0.048664
0.913000 0.047802
0.914000 0.047156
0.915000 0.046510
0.916000 0.045864
0.917000 0.045218
0.918000 0.044572
0.919000 0.043926
0.920000 0.043280
0.921000 0.042634
0.922000 0.041988
0.923000 0.041343
0.924000 0.040697
0.925000 0.040266
0.926000 0.039620
0.927000 0.038974
0.928000 0.038543
0.929000 0.037897
0.930000 0.037251
0.931000 0.036821
0.932000 0.036390
0.933000 0.035744
0.934000 0.035313
0.935000 0.034667
0.936000 0.034237
0.937000 0.033806
0.938000 0.033375
0.939000 0.032729
0.940000 0.032299
0.941000 0.031868
0.942000 0.031438
0.943000 0.031007
0.944000 0.030576
0.945000 0.030146
0.946000 0.029715
0.947000 0.029284
0.948000 0.028854
0.949000 0.028423
0.950000 0.027992
0.951000 0.027777
0.952000 0.027346
0.953000 0.026916
0.954000 0.026485
0.955000 0.026270
0.956000 0.025839
0.957000 0.025408
0.958000 0.025193
0.959000 0.024762
0.960000 0.024332
0.961000 0.024116
0.962000 0.023686
0.963000 0.023470
0.964000 0.023040
0.965000 0.022825
0.966000 0.022394
0.967000 0.022179
0.968000 0.021748
0.969000 0.021533
0.970000 0.021317
0.971000 0.020887
0.972000 0.020671
0.973000 0.020456
0.974000 0.020025
0.975000 0.019810
0.976000 0.019595
0.977000 0.019379
0.978000 0.018949
0.979000 0.018733
0.980000 0.018518
0.981000 0.018303
0.982000 0.018087
0.983000 0.017872
0.984000 0.017657
0.985000 0.017226
0.986000 0.017011
0.987000 0.016795
0.988000 0.016580
0.989000 0.016365
0.990000 0.016149
0.991000 0.015934
0.992000 0.015719
0.993000 0.015503
0.994000 0.015288
0.995000 0.015073
0.996000 0.014857
0.997000 0.014642
0.998000 0.014642
0.999000 0.014427
1.000000 0.014211
1.001000 0.013996
1.002000 0.013781
1.003000 0.013566
1.004000 0.013350
1.005000 0.013350
1.006000 0.013135
1.007000 0.012920
1.008000 0.012704
1.009000 0.012489
1.010000 0.012489
1.011000 0.012274
1.012000 0.012058
1.013000 0.011843
1.014000 0.011843
1.015000 0.011628
1.016000 0.011412
1.017000 0.011412
1.018000 0.011197
1.019000 0.010982
1.020000 0.010982
1.021000 0.010766
1.022000 0.010551
1.023000 0.010551
1.024000 0.010336
1.025000 0.010120
1.026000 0.010120
1.027000 0.009905
1.028000 0.009905
1.029000 0.009690
1.030000 0.009474
1.031000 0.009474
1.032000 0.009259
1.033000 0.009259
1.034000 0.009044
1.035000 0.009044
1.036000 0.008828
1.037000 0.008828
1.038000 0.008613
1.039000 0.008613
1.040000 0.008398
1.041000 0.008398
1.042000 0.008182
1.043000 0.008182
1.044000 0.007967
1.045000 0.007967
1.046000 0.007752
1.047000 0.007752
1.048000 0.007536
1.049000 0.007536
1.050000 0.007321
1.051000 0.007321
1.052000 0.007321
1.053000 0.007106
1.054000 0.007106
1.055000 0.006890
1.056000 0.006890
1.057000 0.006890
1.058000 0.006675
1.059000 0.006675
1.060000 0.006460
1.061000 0.006460
1.062000 0.006460
1.063000 0.006244
1.064000 0.006244
1.065000 0.006244
1.066000 0.006029
1.067000 0.006029
1.068000 0.005814
1.069000 0.005814
1.070000 0.005814
1.071000 0.005598
1.072000 0.005598
1.073000 0.005598
1.074000 0.005598
1.075000 0.005383
1.076000 0.005383
1.077000 0.005383
1.078000 0.005168
1.079000 0.005168
1.080000 0.005168
1.081000 0.004952
1.082000 0.004952
1.083000 0.004952
1.084000 0.004952
1.085000 0.004737
1.086000 0.004737
1.087000 0.004737
1.088000 0.004737
1.089000 0.004522
1.090000 0.004522
1.091000 0.004522
1.092000 0.004307
1.093000 0.004307
1.094000 0.004307
1.095000 0.004307
1.096000 0.004307
1.097000 0.004091
1.098000 0.004091
1.099000 0.004091
