1100 64
0.000000 0.000000
0.001000 0.000000
0.002000 0.000000
0.003000 0.000000
0.004000 0.000000
0.005000 0.000000
0.006000 0.000000
0.007000 0.000000
0.008000 0.000000
0.009000 0.000000
0.010000 0.000000
0.011000 0.000000
0.012000 0.000000
0.013000 0.000000
0.014000 0.000000
0.015000 0.000000
0.016000 0.000000
0.017000 0.000000
0.018000 0.000000
0.019000 0.000000
0.020000 0.000000
0.021000 0.000000
0.022000 0.000000
0.023000 0.000000
0.024000 0.000000
0.025000 0.000000
0.026000 0.000000
0.027000 0.000000
0.028000 0.000000
0.029000 0.000000
0.030000 0.000000
0.031000 0.000000
0.032000 0.000000
0.033000 0.000000
0.034000 0.000000
0.035000 0.000000
0.036000 0.000000
0.037000 0.000000
0.038000 0.000000
0.039000 0.000000
0.040000 0.000000
0.041000 0.000000
0.042000 0.000000
0.043000 0.000000
0.044000 0.000000
0.045000 0.000000
0.046000 0.000000
0.047000 0.000000
0.048000 0.000000
0.049000 0.000000
0.050000 0.000000
0.051000 0.000000
0.052000 0.000000
0.053000 0.000000
0.054000 0.000000
0.055000 0.000000
0.056000 0.000000
0.057000 0.000000
0.058000 0.000000
0.059000 0.000000
0.060000 0.000000
0.061000 0.000000
0.062000 0.000000
0.063000 0.000000
0.064000 0.000000
0.065000 0.000000
0.066000 0.000000
0.067000 0.000000
0.068000 0.000000
0.069000 0.000000
0.070000 0.000000
0.071000 0.000000
0.072000 0.000000
0.073000 0.000000
0.074000 0.000000
0.075000 0.000000
0.076000 0.000000
0.077000 0.000000
0.078000 0.000000
0.079000 0.000000
0.080000 0.000000
0.081000 0.000000
0.082000 0.000000
0.083000 0.000000
0.084000 0.000000
0.085000 0.000000
0.086000 0.000000
0.087000 0.000000
0.088000 0.000000
0.089000 0.000000
0.090000 0.000000
0.091000 0.000000
0.092000 0.000000
0.093000 0.000000
0.094000 0.000000
0.095000 0.000000
0.096000 0.000000
0.097000 0.000000
0.098000 0.000000
0.099000 0.000000
0.100000 0.000000
0.101000 0.041400
0.102000 0.165600
0.103000 0.372300
0.104000 0.661500
0.105000 1.032300
0.106000 1.484700
0.107000 2.017500
0.108000 2.630400
0.109000 3.322200
0.110000 4.092000
0.111000 4.938600
0.112000 5.860800
0.113000 6.857700
0.114000 7.927500
0.115000 9.068700
0.116000 10.279800
0.117000 11.559300
0.118000 12.905400
0.119000 14.316300
0.120000 15.789900
0.121000 17.325000
0.122000 18.918900
0.123000 20.570100
0.124000 22.276200
0.125000 24.035700
0.126000 25.845900
0.127000 27.705000
0.128000 29.610600
0.129000 31.560900
0.130000 33.553800
0.131000 35.586600
0.132000 37.657800
0.133000 39.765000
0.134000 41.905800
0.135000 44.078700
0.136000 46.281000
0.137000 48.510900
0.138000 50.766600
0.139000 53.045700
0.140000 55.346400
0.141000 57.666600
0.142000 60.004800
0.143000 62.358900
0.144000 64.727100
0.145000 67.107600
0.146000 69.498600
0.147000 71.898600
0.148000 74.305800
0.149000 76.719000
0.150000 79.136100
0.151000 81.556200
0.152000 83.977500
0.153000 86.398800
0.154000 88.818600
0.155000 91.236000
0.156000 93.649500
0.157000 96.057900
0.158000 98.460300
0.159000 100.855200
0.160000 103.242300
0.161000 105.620100
0.162000 107.987700
0.163000 110.344500
0.164000 112.689600
0.165000 115.021800
0.166000 117.341100
0.167000 119.646300
0.168000 121.936800
0.169000 124.212300
0.170000 126.471900
0.171000 128.715000
0.172000 130.941300
0.173000 133.150500
0.174000 135.342000
0.175000 137.515200
0.176000 139.670100
0.177000 141.806400
0.178000 143.923500
0.179000 146.021100
0.180000 148.099200
0.181000 150.157500
0.182000 152.196000
0.183000 154.214100
0.184000 156.212100
0.185000 158.189700
0.186000 160.146900
0.187000 162.083100
0.188000 163.999200
0.189000 165.894300
0.190000 167.768700
0.191000 169.622400
0.192000 171.455400
0.193000 173.267700
0.194000 175.059600
0.195000 176.830500
0.196000 178.581300
0.197000 180.311400
0.198000 182.021100
0.199000 183.710400
0.200000 185.379900
0.201000 187.029000
0.202000 188.658300
0.203000 190.267500
0.204000 191.857200
0.205000 193.427400
0.206000 194.978100
0.207000 196.509600
0.208000 198.021900
0.209000 199.515600
0.210000 200.990100
0.211000 202.446300
0.212000 203.883900
0.213000 205.303500
0.214000 206.704800
0.215000 208.088100
0.216000 209.454000
0.217000 210.802200
0.218000 212.133000
0.219000 213.447000
0.220000 214.743900
0.221000 216.024000
0.222000 217.287600
0.223000 218.534700
0.224000 219.765600
0.225000 220.980600
0.226000 222.180000
0.227000 223.363500
0.228000 224.532000
0.229000 225.684900
0.230000 226.823100
0.231000 227.946300
0.232000 229.054800
0.233000 230.148900
0.234000 231.228900
0.235000 232.294500
0.236000 233.346600
0.237000 234.384900
0.238000 235.409400
0.239000 236.421000
0.240000 237.419100
0.241000 238.404300
0.242000 239.376900
0.243000 240.336900
0.244000 241.284300
0.245000 242.219400
0.246000 243.142200
0.247000 244.053300
0.248000 244.952700
0.249000 245.840400
0.250000 246.716700
0.251000 247.581600
0.252000 248.435700
0.253000 249.278400
0.254000 250.110600
0.255000 250.932000
0.256000 251.742900
0.257000 252.543600
0.258000 253.334100
0.259000 254.114400
0.260000 254.884800
0.261000 255.645300
0.262000 256.396200
0.263000 257.137800
0.264000 257.869800
0.265000 258.592500
0.266000 259.306200
0.267000 260.011200
0.268000 260.706900
0.269000 261.394200
0.270000 262.072800
0.271000 262.743000
0.272000 263.404800
0.273000 264.058200
0.274000 264.703500
0.275000 265.341000
0.276000 265.970400
0.277000 266.592000
0.278000 267.206100
0.279000 267.812400
0.280000 268.411500
0.281000 269.003100
0.282000 269.587200
0.283000 270.164400
0.284000 270.734400
0.285000 271.297500
0.286000 271.853700
0.287000 272.403000
0.288000 272.945700
0.289000 273.481800
0.290000 274.011300
0.291000 274.534500
0.292000 275.051100
0.293000 275.561700
0.294000 276.065700
0.295000 276.564000
0.296000 277.056000
0.297000 277.542000
0.298000 278.022300
0.299000 278.496600
0.300000 278.965200
0.301000 279.427800
0.302000 279.885000
0.303000 280.336800
0.304000 280.782900
0.305000 281.223600
0.306000 281.658900
0.307000 282.088800
0.308000 282.513300
0.309000 282.932700
0.310000 283.347000
0.311000 283.756200
0.312000 284.160000
0.313000 284.559000
0.314000 284.952900
0.315000 285.342000
0.316000 285.726000
0.317000 286.105200
0.318000 286.479600
0.319000 286.848900
0.320000 287.213700
0.321000 287.573700
0.322000 287.928900
0.323000 288.279300
0.324000 288.625200
0.325000 288.966300
0.326000 289.302900
0.327000 289.634700
0.328000 289.962000
0.329000 290.284800
0.330000 290.602800
0.331000 290.916300
0.332000 291.225300
0.333000 291.529500
0.334000 291.829200
0.335000 292.124400
0.336000 292.414800
0.337000 292.700700
0.338000 292.982100
0.339000 293.258700
0.340000 293.530800
0.341000 293.798100
0.342000 294.060900
0.343000 294.318900
0.344000 294.572100
0.345000 294.820500
0.346000 295.064100
0.347000 295.302600
0.348000 295.536600
0.349000 295.765500
0.350000 295.989300
0.351000 296.208300
0.352000 296.421900
0.353000 296.630400
0.354000 296.833800
0.355000 297.031800
0.356000 297.224400
0.357000 297.411600
0.358000 297.593400
0.359000 297.769500
0.360000 297.939900
0.361000 298.104300
0.362000 298.263000
0.363000 298.415700
0.364000 298.562100
0.365000 298.702200
0.366000 298.836300
0.367000 298.963800
0.368000 299.084700
0.369000 299.198700
0.370000 299.305800
0.371000 299.406300
0.372000 299.499300
0.373000 299.584800
0.374000 299.663100
0.375000 299.733600
0.376000 299.796300
0.377000 299.851200
0.378000 299.897700
0.379000 299.935800
0.380000 299.965200
0.381000 299.985900
0.382000 299.997600
0.383000 300.000000
0.384000 299.993100
0.385000 299.976300
0.386000 299.949600
0.387000 299.912700
0.388000 299.865300
0.389000 299.807400
0.390000 299.738400
0.391000 299.658300
0.392000 299.566500
0.393000 299.462700
0.394000 299.347200
0.395000 299.219100
0.396000 299.078100
0.397000 298.924200
0.398000 298.756800
0.399000 298.575900
0.400000 298.380900
0.401000 298.171500
0.402000 297.947100
0.403000 297.707700
0.404000 297.453000
0.405000 297.182400
0.406000 296.895300
0.407000 296.591700
0.408000 296.271300
0.409000 295.933200
0.410000 295.577400
0.411000 295.203300
0.412000 294.810900
0.413000 294.399000
0.414000 293.967900
0.415000 293.516700
0.416000 293.045400
0.417000 292.553100
0.418000 292.039800
0.419000 291.504600
0.420000 290.947800
0.421000 290.368200
0.422000 289.765500
0.423000 289.139700
0.424000 288.489900
0.425000 287.816100
0.426000 287.117400
0.427000 286.393500
0.428000 285.644400
0.429000 284.869200
0.430000 284.067600
0.431000 283.239300
0.432000 282.383700
0.433000 281.500800
0.434000 280.589700
0.435000 279.650700
0.436000 278.682600
0.437000 277.686000
0.438000 276.659700
0.439000 275.604000
0.440000 274.518000
0.441000 273.402300
0.442000 272.255700
0.443000 271.078500
0.444000 269.870400
0.445000 268.631400
0.446000 267.360900
0.447000 266.058900
0.448000 264.725400
0.449000 263.360100
0.450000 261.963000
0.451000 260.534100
0.452000 259.073400
0.453000 257.581200
0.454000 256.056900
0.455000 254.500800
0.456000 252.913500
0.457000 251.294400
0.458000 249.644400
0.459000 247.963200
0.460000 246.251400
0.461000 244.508700
0.462000 242.736300
0.463000 240.933900
0.464000 239.101800
0.465000 237.241200
0.466000 235.351800
0.467000 233.434500
0.468000 231.489900
0.469000 229.518300
0.470000 227.520300
0.471000 225.497100
0.472000 223.448700
0.473000 221.376300
0.474000 219.280500
0.475000 217.161900
0.476000 215.021700
0.477000 212.860500
0.478000 210.679200
0.479000 208.479000
0.480000 206.260500
0.481000 204.024600
0.482000 201.772800
0.483000 199.505700
0.484000 197.224200
0.485000 194.929800
0.486000 192.623100
0.487000 190.305600
0.488000 187.978200
0.489000 185.642100
0.490000 183.298200
0.491000 180.947700
0.492000 178.591800
0.493000 176.231700
0.494000 173.868600
0.495000 171.503100
0.496000 169.136700
0.497000 166.770600
0.498000 164.406000
0.499000 162.043500
0.500000 159.684600
0.501000 157.330200
0.502000 154.981500
0.503000 152.639400
0.504000 150.305100
0.505000 147.979500
0.506000 145.663500
0.507000 143.358000
0.508000 141.064200
0.509000 138.783000
0.510000 136.515000
0.511000 134.261400
0.512000 132.022500
0.513000 129.799800
0.514000 127.593300
0.515000 125.404500
0.516000 123.233700
0.517000 121.081500
0.518000 118.948500
0.519000 116.835900
0.520000 114.743400
0.521000 112.672500
0.522000 110.622900
0.523000 108.595200
0.524000 106.590300
0.525000 104.608500
0.526000 102.649800
0.527000 100.714800
0.528000 98.803800
0.529000 96.917100
0.530000 95.055000
0.531000 93.217800
0.532000 91.405500
0.533000 89.618400
0.534000 87.856500
0.535000 86.120100
0.536000 84.409200
0.537000 82.724100
0.538000 81.064500
0.539000 79.430700
0.540000 77.822400
0.541000 76.239900
0.542000 74.682900
0.543000 73.151700
0.544000 71.645700
0.545000 70.165200
0.546000 68.709900
0.547000 67.279800
0.548000 65.874600
0.549000 64.494300
0.550000 63.138600
0.551000 61.807500
0.552000 60.500700
0.553000 59.217600
0.554000 57.958500
0.555000 56.723100
0.556000 55.510800
0.557000 54.321900
0.558000 53.155500
0.559000 52.011900
0.560000 50.890500
0.561000 49.791000
0.562000 48.713400
0.563000 47.657100
0.564000 46.622100
0.565000 45.607800
0.566000 44.613900
0.567000 43.640700
0.568000 42.687000
0.569000 41.753100
0.570000 40.838700
0.571000 39.943200
0.572000 39.066300
0.573000 38.208000
0.574000 37.367700
0.575000 36.545100
0.576000 35.739900
0.577000 34.952100
0.578000 34.181100
0.579000 33.426600
0.580000 32.688300
0.581000 31.966200
0.582000 31.259700
0.583000 30.568500
0.584000 29.892300
0.585000 29.230800
0.586000 28.584000
0.587000 27.951300
0.588000 27.332700
0.589000 26.727600
0.590000 26.136000
0.591000 25.557600
0.592000 24.991800
0.593000 24.438600
0.594000 23.898000
0.595000 23.369400
0.596000 22.852500
0.597000 22.347000
0.598000 21.853200
0.599000 21.370200
0.600000 20.898300
0.601000 20.436900
0.602000 19.985700
0.603000 19.545000
0.604000 19.113900
0.605000 18.693000
0.606000 18.281100
0.607000 17.878800
0.608000 17.485500
0.609000 17.101200
0.610000 16.725600
0.611000 16.358700
0.612000 15.999900
0.613000 15.649200
0.614000 15.306300
0.615000 14.971500
0.616000 14.644200
0.617000 14.324400
0.618000 14.011800
0.619000 13.706100
0.620000 13.407600
0.621000 13.115700
0.622000 12.830700
0.623000 12.552000
0.624000 12.279600
0.625000 12.013200
0.626000 11.753100
0.627000 11.498700
0.628000 11.250300
0.629000 11.007600
0.630000 10.770000
0.631000 10.538100
0.632000 10.311300
0.633000 10.089900
0.634000 9.873300
0.635000 9.661500
0.636000 9.454500
0.637000 9.252300
0.638000 9.054600
0.639000 8.861400
0.640000 8.672400
0.641000 8.487900
0.642000 8.307300
0.643000 8.130900
0.644000 7.958400
0.645000 7.790100
0.646000 7.625100
0.647000 7.464000
0.648000 7.306500
0.649000 7.152600
0.650000 7.002000
0.651000 6.855000
0.652000 6.711000
0.653000 6.570300
0.654000 6.432900
0.655000 6.298200
0.656000 6.166800
0.657000 6.038100
0.658000 5.912400
0.659000 5.789700
0.660000 5.669400
0.661000 5.551800
0.662000 5.436900
0.663000 5.324400
0.664000 5.214600
0.665000 5.106900
0.666000 5.001900
0.667000 4.899000
0.668000 4.798500
0.669000 4.700100
0.670000 4.603800
0.671000 4.509600
0.672000 4.417500
0.673000 4.327500
0.674000 4.239600
0.675000 4.153200
0.676000 4.068900
0.677000 3.986400
0.678000 3.905700
0.679000 3.826800
0.680000 3.749700
0.681000 3.674100
0.682000 3.600300
0.683000 3.527700
0.684000 3.457200
0.685000 3.387900
0.686000 3.320100
0.687000 3.253800
0.688000 3.188700
0.689000 3.125400
0.690000 3.063300
0.691000 3.002400
0.692000 2.942700
0.693000 2.884500
0.694000 2.827500
0.695000 2.771700
0.696000 2.717100
0.697000 2.663700
0.698000 2.611200
0.699000 2.559900
0.700000 2.509800
0.701000 2.460600
0.702000 2.412600
0.703000 2.365500
0.704000 2.319600
0.705000 2.274300
0.706000 2.230200
0.707000 2.187000
0.708000 2.144700
0.709000 2.103300
0.710000 2.062500
0.711000 2.022900
0.712000 1.983900
0.713000 1.945800
0.714000 1.908300
0.715000 1.872000
0.716000 1.836000
0.717000 1.800900
0.718000 1.766700
0.719000 1.733100
0.720000 1.700100
0.721000 1.667700
0.722000 1.636200
0.723000 1.605000
0.724000 1.574700
0.725000 1.545000
0.726000 1.515900
0.727000 1.487400
0.728000 1.459500
0.729000 1.431900
0.730000 1.405200
0.731000 1.378800
0.732000 1.353300
0.733000 1.327800
0.734000 1.303200
0.735000 1.278900
0.736000 1.255200
0.737000 1.231800
0.738000 1.209000
0.739000 1.186800
0.740000 1.164900
0.741000 1.143300
0.742000 1.122300
0.743000 1.101600
0.744000 1.081500
0.745000 1.061700
0.746000 1.042200
0.747000 1.023000
0.748000 1.004400
0.749000 0.986100
0.750000 0.968100
0.751000 0.950700
0.752000 0.933300
0.753000 0.916500
0.754000 0.900000
0.755000 0.883500
0.756000 0.867600
0.757000 0.852000
0.758000 0.836700
0.759000 0.821700
0.760000 0.807000
0.761000 0.792600
0.762000 0.778500
0.763000 0.764400
0.764000 0.750900
0.765000 0.737400
0.766000 0.724500
0.767000 0.711600
0.768000 0.699000
0.769000 0.686400
0.770000 0.674400
0.771000 0.662400
0.772000 0.650700
0.773000 0.639300
0.774000 0.628200
0.775000 0.617100
0.776000 0.606300
0.777000 0.595800
0.778000 0.585300
0.779000 0.575100
0.780000 0.564900
0.781000 0.555300
0.782000 0.545400
0.783000 0.536100
0.784000 0.526800
0.785000 0.517800
0.786000 0.508800
0.787000 0.500100
0.788000 0.491400
0.789000 0.483000
0.790000 0.474600
0.791000 0.466500
0.792000 0.458400
0.793000 0.450600
0.794000 0.442800
0.795000 0.435300
0.796000 0.427800
0.797000 0.420600
0.798000 0.413400
0.799000 0.406500
0.800000 0.399600
0.801000 0.393000
0.802000 0.386100
0.803000 0.379800
0.804000 0.373200
0.805000 0.366900
0.806000 0.360900
0.807000 0.354900
0.808000 0.348900
0.809000 0.342900
0.810000 0.337200
0.811000 0.331800
0.812000 0.326100
0.813000 0.320700
0.814000 0.315300
0.815000 0.310200
0.816000 0.305100
0.817000 0.300000
0.818000 0.294900
0.819000 0.290100
0.820000 0.285300
0.821000 0.280500
0.822000 0.276000
0.823000 0.271500
0.824000 0.267000
0.825000 0.262800
0.826000 0.258300
0.827000 0.254100
0.828000 0.249900
0.829000 0.246000
0.830000 0.241800
0.831000 0.237900
0.832000 0.234300
0.833000 0.230400
0.834000 0.226500
0.835000 0.222900
0.836000 0.219300
0.837000 0.215700
0.838000 0.212400
0.839000 0.209100
0.840000 0.205500
0.841000 0.202200
0.842000 0.199200
0.843000 0.195900
0.844000 0.192900
0.845000 0.189600
0.846000 0.186600
0.847000 0.183600
0.848000 0.180900
0.849000 0.177900
0.850000 0.175200
0.851000 0.172200
0.852000 0.169500
0.853000 0.166800
0.854000 0.164400
0.855000 0.161700
0.856000 0.159300
0.857000 0.156600
0.858000 0.154200
0.859000 0.151800
0.860000 0.149400
0.861000 0.147000
0.862000 0.144900
0.863000 0.142500
0.864000 0.140400
0.865000 0.138300
0.866000 0.135900
0.867000 0.133800
0.868000 0.131700
0.869000 0.129900
0.870000 0.127800
0.871000 0.125700
0.872000 0.123900
0.873000 0.122100
0.874000 0.120000
0.875000 0.118200
0.876000 0.116400
0.877000 0.114600
0.878000 0.112800
0.879000 0.111300
0.880000 0.109500
0.881000 0.107700
0.882000 0.106200
0.883000 0.104700
0.884000 0.102900
0.885000 0.101400
0.886000 0.099900
0.887000 0.098400
0.888000 0.096900
0.889000 0.095400
0.890000 0.093900
0.891000 0.092700
0.892000 0.091200
0.893000 0.089700
0.894000 0.088500
0.895000 0.087300
0.896000 0.085800
0.897000 0.084600
0.898000 0.083400
0.899000 0.082200
0.900000 0.081000
0.901000 0.079800
0.902000 0.078600
0.903000 0.077400
0.904000 0.076200
0.905000 0.075000
0.906000 0.074100
0.907000 0.072900
0.908000 0.071700
0.909000 0.070800
0.910000 0.069600
0.911000 0.068700
0.912000 0.067800
0.913000 0.066600
0.914000 0.065700
0.915000 0.064800
0.916000 0.063900
0.917000 0.063000
0.918000 0.062100
0.919000 0.061200
0.920000 0.060300
0.921000 0.059400
0.922000 0.058500
0.923000 0.057600
0.924000 0.056700
0.925000 0.056100
0.926000 0.055200
0.927000 0.054300
0.928000 0.053700
0.929000 0.052800
0.930000 0.051900
0.931000 0.051300
0.932000 0.050700
0.933000 0.049800
0.934000 0.049200
0.935000 0.048300
0.936000 0.047700
0.937000 0.047100
0.938000 0.046500
0.939000 0.045600
0.940000 0.045000
0.941000 0.044400
0.942000 0.043800
0.943000 0.043200
0.944000 0.042600
0.945000 0.042000
0.946000 0.041400
0.947000 0.040800
0.948000 0.040200
0.949000 0.039600
0.950000 0.039000
0.951000 0.038700
0.952000 0.038100
0.953000 0.037500
0.954000 0.036900
0.955000 0.036600
0.956000 0.036000
0.957000 0.035400
0.958000 0.035100
0.959000 0.034500
0.960000 0.033900
0.961000 0.033600
0.962000 0.033000
0.963000 0.032700
0.964000 0.032100
0.965000 0.031800
0.966000 0.031200
0.967000 0.030900
0.968000 0.030300
0.969000 0.030000
0.970000 0.029700
0.971000 0.029100
0.972000 0.028800
0.973000 0.028500
0.974000 0.027900
0.975000 0.027600
0.976000 0.027300
0.977000 0.027000
0.978000 0.026400
0.979000 0.026100
0.980000 0.025800
0.981000 0.025500
0.982000 0.025200
0.983000 0.024900
0.984000 0.024600
0.985000 0.024000
0.986000 0.023700
0.987000 0.023400
0.988000 0.023100
0.989000 0.022800
0.990000 0.022500
0.991000 0.022200
0.992000 0.021900
0.993000 0.021600
0.994000 0.021300
0.995000 0.021000
0.996000 0.020700
0.997000 0.020400
0.998000 0.020400
0.999000 0.020100
1.000000 0.019800
1.001000 0.019500
1.002000 0.019200
1.003000 0.018900
1.004000 0.018600
1.005000 0.018600
1.006000 0.018300
1.007000 0.018000
1.008000 0.017700
1.009000 0.017400
1.010000 0.017400
1.011000 0.017100
1.012000 0.016800
1.013000 0.016500
1.014000 0.016500
1.015000 0.016200
1.016000 0.015900
1.017000 0.015900
1.018000 0.015600
1.019000 0.015300
1.020000 0.015300
1.021000 0.015000
1.022000 0.014700
1.023000 0.014700
1.024000 0.014400
1.025000 0.014100
1.026000 0.014100
1.027000 0.013800
1.028000 0.013800
1.029000 0.013500
1.030000 0.013200
1.031000 0.013200
1.032000 0.012900
1.033000 0.012900
1.034000 0.012600
1.035000 0.012600
1.036000 0.012300
1.037000 0.012300
1.038000 0.012000
1.039000 0.012000
1.040000 0.011700
1.041000 0.011700
1.042000 0.011400
1.043000 0.011400
1.044000 0.011100
1.045000 0.011100
1.046000 0.010800
1.047000 0.010800
1.048000 0.010500
1.049000 0.010500
1.050000 0.010200
1.051000 0.010200
1.052000 0.010200
1.053000 0.009900
1.054000 0.009900
1.055000 0.009600
1.056000 0.009600
1.057000 0.009600
1.058000 0.009300
1.059000 0.009300
1.060000 0.009000
1.061000 0.009000
1.062000 0.009000
1.063000 0.008700
1.064000 0.008700
1.065000 0.008700
1.066000 0.008400
1.067000 0.008400
1.068000 0.008100
1.069000 0.008100
1.070000 0.008100
1.071000 0.007800
1.072000 0.007800
1.073000 0.007800
1.074000 0.007800
1.075000 0.007500
1.076000 0.007500
1.077000 0.007500
1.078000 0.007200
1.079000 0.007200
1.080000 0.007200
1.081000 0.006900
1.082000 0.006900
1.083000 0.006900
1.084000 0.006900
1.085000 0.006600
1.086000 0.006600
1.087000 0.006600
1.088000 0.006600
1.089000 0.006300
1.090000 0.006300
1.091000 0.006300
1.092000 0.006000
1.093000 0.006000
1.094000 0.006000
1.095000 0.006000
1.096000 0.006000
1.097000 0.005700
1.098000 0.005700
1.099000 0.005700
