1100 64
0.000000 0.000000
0.001000 0.000000
0.002000 0.000000
0.003000 0.000000
0.004000 0.000000
0.005000 0.000000
0.006000 0.000000
0.007000 0.000000
0.008000 0.000000
0.009000 0.000000
0.010000 0.000000
0.011000 0.000000
0.012000 0.000000
0.013000 0.000000
0.014000 0.000000
0.015000 0.000000
0.016000 0.000000
0.017000 0.000000
0.018000 0.000000
0.019000 0.000000
0.020000 0.000000
0.021000 0.000000
0.022000 0.000000
0.023000 0.000000
0.024000 0.000000
0.025000 0.000000
0.026000 0.000000
0.027000 0.000000
0.028000 0.000000
0.029000 0.000000
0.030000 0.000000
0.031000 0.000000
0.032000 0.000000
0.033000 0.000000
0.034000 0.000000
0.035000 0.000000
0.036000 0.000000
0.037000 0.000000
0.038000 0.000000
0.039000 0.000000
0.040000 0.000000
0.041000 0.000000
0.042000 0.000000
0.043000 0.000000
0.044000 0.000000
0.045000 0.000000
0.046000 0.000000
0.047000 0.000000
0.048000 0.000000
0.049000 0.000000
0.050000 0.000000
0.051000 0.000000
0.052000 0.000000
0.053000 0.000000
0.054000 0.000000
0.055000 0.000000
0.056000 0.000000
0.057000 0.000000
0.058000 0.000000
0.059000 0.000000
0.060000 0.000000
0.061000 0.000000
0.062000 0.000000
0.063000 0.000000
0.064000 0.000000
0.065000 0.000000
0.066000 0.000000
0.067000 0.000000
0.068000 0.000000
0.069000 0.000000
0.070000 0.000000
0.071000 0.000000
0.072000 0.000000
0.073000 0.000000
0.074000 0.000000
0.075000 0.000000
0.076000 0.000000
0.077000 0.000000
0.078000 0.000000
0.079000 0.000000
0.080000 0.000000
0.081000 0.000000
0.082000 0.000000
0.083000 0.000000
0.084000 0.000000
0.085000 0.000000
0.086000 0.000000
0.087000 0.000000
0.088000 0.000000
0.089000 0.000000
0.090000 0.000000
0.091000 0.000000
0.092000 0.000000
0.093000 0.000000
0.094000 0.000000
0.095000 0.000000
0.096000 0.000000
0.097000 0.000000
0.098000 0.000000
0.099000 0.000000
0.100000 0.000000
0.101000 0.006900
0.102000 0.027600
0.103000 0.062050
0.104000 0.110250
0.105000 0.172050
0.106000 0.247450
0.107000 0.336250
0.108000 0.438400
0.109000 0.553700
0.110000 0.682000
0.111000 0.823100
0.112000 0.976800
0.113000 1.142950
0.114000 1.321250
0.115000 1.511450
0.116000 1.713300
0.117000 1.926550
0.118000 2.150900
0.119000 2.386050
0.120000 2.631650
0.121000 2.887500
0.122000 3.153150
0.123000 3.428350
0.124000 3.712700
0.125000 4.005950
0.126000 4.307650
0.127000 4.617500
0.128000 4.935100
0.129000 5.260150
0.130000 5.592300
0.131000 5.931100
0.132000 6.276300
0.133000 6.627500
0.134000 6.984300
0.135000 7.346450
0.136000 7.713500
0.137000 8.085150
0.138000 8.461100
0.139000 8.840950
0.140000 9.224400
0.141000 9.611100
0.142000 10.000800
0.143000 10.393150
0.144000 10.787850
0.145000 11.184600
0.146000 11.583100
0.147000 11.983100
0.148000 12.384300
0.149000 12.786500
0.150000 13.189350
0.151000 13.592700
0.152000 13.996250
0.153000 14.399800
0.154000 14.803100
0.155000 15.206000
0.156000 15.608250
0.157000 16.009650
0.158000 16.410050
0.159000 16.809200
0.160000 17.207050
0.161000 17.603350
0.162000 17.997950
0.163000 18.390750
0.164000 18.781600
0.165000 19.170300
0.166000 19.556850
0.167000 19.941050
0.168000 20.322800
0.169000 20.702050
0.170000 21.078650
0.171000 21.452500
0.172000 21.823550
0.173000 22.191750
0.174000 22.557000
0.175000 22.919200
0.176000 23.278350
0.177000 23.634400
0.178000 23.987250
0.179000 24.336850
0.180000 24.683200
0.181000 25.026250
0.182000 25.366000
0.183000 25.702350
0.184000 26.035350
0.185000 26.364950
0.186000 26.691150
0.187000 27.013850
0.188000 27.333200
0.189000 27.649050
0.190000 27.961450
0.191000 28.270400
0.192000 28.575900
0.193000 28.877950
0.194000 29.176600
0.195000 29.471750
0.196000 29.763550
0.197000 30.051900
0.198000 30.336850
0.199000 30.618400
0.200000 30.896650
0.201000 31.171500
0.202000 31.443050
0.203000 31.711250
0.204000 31.976200
0.205000 32.237900
0.206000 32.496350
0.207000 32.751600
0.208000 33.003650
0.209000 33.252600
0.210000 33.498350
0.211000 33.741050
0.212000 33.980650
0.213000 34.217250
0.214000 34.450800
0.215000 34.681350
0.216000 34.909000
0.217000 35.133700
0.218000 35.355500
0.219000 35.574500
0.220000 35.790650
0.221000 36.004000
0.222000 36.214600
0.223000 36.422450
0.224000 36.627600
0.225000 36.830100
0.226000 37.030000
0.227000 37.227250
0.228000 37.422000
0.229000 37.614150
0.230000 37.803850
0.231000 37.991050
0.232000 38.175800
0.233000 38.358150
0.234000 38.538150
0.235000 38.715750
0.236000 38.891100
0.237000 39.064150
0.238000 39.234900
0.239000 39.403500
0.240000 39.569850
0.241000 39.734050
0.242000 39.896150
0.243000 40.056150
0.244000 40.214050
0.245000 40.369900
0.246000 40.523700
0.247000 40.675550
0.248000 40.825450
0.249000 40.973400
0.250000 41.119450
0.251000 41.263600
0.252000 41.405950
0.253000 41.546400
0.254000 41.685100
0.255000 41.822000
0.256000 41.957150
0.257000 42.090600
0.258000 42.222350
0.259000 42.352400
0.260000 42.480800
0.261000 42.607550
0.262000 42.732700
0.263000 42.856300
0.264000 42.978300
0.265000 43.098750
0.266000 43.217700
0.267000 43.335200
0.268000 43.451150
0.269000 43.565700
0.270000 43.678800
0.271000 43.790500
0.272000 43.900800
0.273000 44.009700
0.274000 44.117250
0.275000 44.223500
0.276000 44.328400
0.277000 44.432000
0.278000 44.534350
0.279000 44.635400
0.280000 44.735250
0.281000 44.833850
0.282000 44.931200
0.283000 45.027400
0.284000 45.122400
0.285000 45.216250
0.286000 45.308950
0.287000 45.400500
0.288000 45.490950
0.289000 45.580300
0.290000 45.668550
0.291000 45.755750
0.292000 45.841850
0.293000 45.926950
0.294000 46.010950
0.295000 46.094000
0.296000 46.176000
0.297000 46.257000
0.298000 46.337050
0.299000 46.416100
0.300000 46.494200
0.301000 46.571300
0.302000 46.647500
0.303000 46.722800
0.304000 46.797150
0.305000 46.870600
0.306000 46.943150
0.307000 47.014800
0.308000 47.085550
0.309000 47.155450
0.310000 47.224500
0.311000 47.292700
0.312000 47.360000
0.313000 47.426500
0.314000 47.492150
0.315000 47.557000
0.316000 47.621000
0.317000 47.684200
0.318000 47.746600
0.319000 47.808150
0.320000 47.868950
0.321000 47.928950
0.322000 47.988150
0.323000 48.046550
0.324000 48.104200
0.325000 48.161050
0.326000 48.217150
0.327000 48.272450
0.328000 48.327000
0.329000 48.380800
0.330000 48.433800
0.331000 48.486050
0.332000 48.537550
0.333000 48.588250
0.334000 48.638200
0.335000 48.687400
0.336000 48.735800
0.337000 48.783450
0.338000 48.830350
0.339000 48.876450
0.340000 48.921800
0.341000 48.966350
0.342000 49.010150
0.343000 49.053150
0.344000 49.095350
0.345000 49.136750
0.346000 49.177350
0.347000 49.217100
0.348000 49.256100
0.349000 49.294250
0.350000 49.331550
0.351000 49.368050
0.352000 49.403650
0.353000 49.438400
0.354000 49.472300
0.355000 49.505300
0.356000 49.537400
0.357000 49.568600
0.358000 49.598900
0.359000 49.628250
0.360000 49.656650
0.361000 49.684050
0.362000 49.710500
0.363000 49.735950
0.364000 49.760350
0.365000 49.783700
0.366000 49.806050
0.367000 49.827300
0.368000 49.847450
0.369000 49.866450
0.370000 49.884300
0.371000 49.901050
0.372000 49.916550
0.373000 49.930800
0.374000 49.943850
0.375000 49.955600
0.376000 49.966050
0.377000 49.975200
0.378000 49.982950
0.379000 49.989300
0.380000 49.994200
0.381000 49.997650
0.382000 49.999600
0.383000 50.000000
0.384000 49.998850
0.385000 49.996050
0.386000 49.991600
0.387000 49.985450
0.388000 49.977550
0.389000 49.967900
0.390000 49.956400
0.391000 49.943050
0.392000 49.927750
0.393000 49.910450
0.394000 49.891200
0.395000 49.869850
0.396000 49.846350
0.397000 49.820700
0.398000 49.792800
0.399000 49.762650
0.400000 49.730150
0.401000 49.695250
0.402000 49.657850
0.403000 49.617950
0.404000 49.575500
0.405000 49.530400
0.406000 49.482550
0.407000 49.431950
0.408000 49.378550
0.409000 49.322200
0.410000 49.262900
0.411000 49.200550
0.412000 49.135150
0.413000 49.066500
0.414000 48.994650
0.415000 48.919450
0.416000 48.840900
0.417000 48.758850
0.418000 48.673300
0.419000 48.584100
0.420000 48.491300
0.421000 48.394700
0.422000 48.294250
0.423000 48.189950
0.424000 48.081650
0.425000 47.969350
0.426000 47.852900
0.427000 47.732250
0.428000 47.607400
0.429000 47.478200
0.430000 47.344600
0.431000 47.206550
0.432000 47.063950
0.433000 46.916800
0.434000 46.764950
0.435000 46.608450
0.436000 46.447100
0.437000 46.281000
0.438000 46.109950
0.439000 45.934000
0.440000 45.753000
0.441000 45.567050
0.442000 45.375950
0.443000 45.179750
0.444000 44.978400
0.445000 44.771900
0.446000 44.560150
0.447000 44.343150
0.448000 44.120900
0.449000 43.893350
0.450000 43.660500
0.451000 43.422350
0.452000 43.178900
0.453000 42.930200
0.454000 42.676150
0.455000 42.416800
0.456000 42.152250
0.457000 41.882400
0.458000 41.607400
0.459000 41.327200
0.460000 41.041900
0.461000 40.751450
0.462000 40.456050
0.463000 40.155650
0.464000 39.850300
0.465000 39.540200
0.466000 39.225300
0.467000 38.905750
0.468000 38.581650
0.469000 38.253050
0.470000 37.920050
0.471000 37.582850
0.472000 37.241450
0.473000 36.896050
0.474000 36.546750
0.475000 36.193650
0.476000 35.836950
0.477000 35.476750
0.478000 35.113200
0.479000 34.746500
0.480000 34.376750
0.481000 34.004100
0.482000 33.628800
0.483000 33.250950
0.484000 32.870700
0.485000 32.488300
0.486000 32.103850
0.487000 31.717600
0.488000 31.329700
0.489000 30.940350
0.490000 30.549700
0.491000 30.157950
0.492000 29.765300
0.493000 29.371950
0.494000 28.978100
0.495000 28.583850
0.496000 28.189450
0.497000 27.795100
0.498000 27.401000
0.499000 27.007250
0.500000 26.614100
0.501000 26.221700
0.502000 25.830250
0.503000 25.439900
0.504000 25.050850
0.505000 24.663250
0.506000 24.277250
0.507000 23.893000
0.508000 23.510700
0.509000 23.130500
0.510000 22.752500
0.511000 22.376900
0.512000 22.003750
0.513000 21.633300
0.514000 21.265550
0.515000 20.900750
0.516000 20.538950
0.517000 20.180250
0.518000 19.824750
0.519000 19.472650
0.520000 19.123900
0.521000 18.778750
0.522000 18.437150
0.523000 18.099200
0.524000 17.765050
0.525000 17.434750
0.526000 17.108300
0.527000 16.785800
0.528000 16.467300
0.529000 16.152850
0.530000 15.842500
0.531000 15.536300
0.532000 15.234250
0.533000 14.936400
0.534000 14.642750
0.535000 14.353350
0.536000 14.068200
0.537000 13.787350
0.538000 13.510750
0.539000 13.238450
0.540000 12.970400
0.541000 12.706650
0.542000 12.447150
0.543000 12.191950
0.544000 11.940950
0.545000 11.694200
0.546000 11.451650
0.547000 11.213300
0.548000 10.979100
0.549000 10.749050
0.550000 10.523100
0.551000 10.301250
0.552000 10.083450
0.553000 9.869600
0.554000 9.659750
0.555000 9.453850
0.556000 9.251800
0.557000 9.053650
0.558000 8.859250
0.559000 8.668650
0.560000 8.481750
0.561000 8.298500
0.562000 8.118900
0.563000 7.942850
0.564000 7.770350
0.565000 7.601300
0.566000 7.435650
0.567000 7.273450
0.568000 7.114500
0.569000 6.958850
0.570000 6.806450
0.571000 6.657200
0.572000 6.511050
0.573000 6.368000
0.574000 6.227950
0.575000 6.090850
0.576000 5.956650
0.577000 5.825350
0.578000 5.696850
0.579000 5.571100
0.580000 5.448050
0.581000 5.327700
0.582000 5.209950
0.583000 5.094750
0.584000 4.982050
0.585000 4.871800
0.586000 4.764000
0.587000 4.658550
0.588000 4.555450
0.589000 4.454600
0.590000 4.356000
0.591000 4.259600
0.592000 4.165300
0.593000 4.073100
0.594000 3.983000
0.595000 3.894900
0.596000 3.808750
0.597000 3.724500
0.598000 3.642200
0.599000 3.561700
0.600000 3.483050
0.601000 3.406150
0.602000 3.330950
0.603000 3.257500
0.604000 3.185650
0.605000 3.115500
0.606000 3.046850
0.607000 2.979800
0.608000 2.914250
0.609000 2.850200
0.610000 2.787600
0.611000 2.726450
0.612000 2.666650
0.613000 2.608200
0.614000 2.551050
0.615000 2.495250
0.616000 2.440700
0.617000 2.387400
0.618000 2.335300
0.619000 2.284350
0.620000 2.234600
0.621000 2.185950
0.622000 2.138450
0.623000 2.092000
0.624000 2.046600
0.625000 2.002200
0.626000 1.958850
0.627000 1.916450
0.628000 1.875050
0.629000 1.834600
0.630000 1.795000
0.631000 1.756350
0.632000 1.718550
0.633000 1.681650
0.634000 1.645550
0.635000 1.610250
0.636000 1.575750
0.637000 1.542050
0.638000 1.509100
0.639000 1.476900
0.640000 1.445400
0.641000 1.414650
0.642000 1.384550
0.643000 1.355150
0.644000 1.326400
0.645000 1.298350
0.646000 1.270850
0.647000 1.244000
0.648000 1.217750
0.649000 1.192100
0.650000 1.167000
0.651000 1.142500
0.652000 1.118500
0.653000 1.095050
0.654000 1.072150
0.655000 1.049700
0.656000 1.027800
0.657000 1.006350
0.658000 0.985400
0.659000 0.964950
0.660000 0.944900
0.661000 0.925300
0.662000 0.906150
0.663000 0.887400
0.664000 0.869100
0.665000 0.851150
0.666000 0.833650
0.667000 0.816500
0.668000 0.799750
0.669000 0.783350
0.670000 0.767300
0.671000 0.751600
0.672000 0.736250
0.673000 0.721250
0.674000 0.706600
0.675000 0.692200
0.676000 0.678150
0.677000 0.664400
0.678000 0.650950
0.679000 0.637800
0.680000 0.624950
0.681000 0.612350
0.682000 0.600050
0.683000 0.587950
0.684000 0.576200
0.685000 0.564650
0.686000 0.553350
0.687000 0.542300
0.688000 0.531450
0.689000 0.520900
0.690000 0.510550
0.691000 0.500400
0.692000 0.490450
0.693000 0.480750
0.694000 0.471250
0.695000 0.461950
0.696000 0.452850
0.697000 0.443950
0.698000 0.435200
0.699000 0.426650
0.700000 0.418300
0.701000 0.410100
0.702000 0.402100
0.703000 0.394250
0.704000 0.386600
0.705000 0.379050
0.706000 0.371700
0.707000 0.364500
0.708000 0.357450
0.709000 0.350550
0.710000 0.343750
0.711000 0.337150
0.712000 0.330650
0.713000 0.324300
0.714000 0.318050
0.715000 0.312000
0.716000 0.306000
0.717000 0.300150
0.718000 0.294450
0.719000 0.288850
0.720000 0.283350
0.721000 0.277950
0.722000 0.272700
0.723000 0.267500
0.724000 0.262450
0.725000 0.257500
0.726000 0.252650
0.727000 0.247900
0.728000 0.243250
0.729000 0.238650
0.730000 0.234200
0.731000 0.229800
0.732000 0.225550
0.733000 0.221300
0.734000 0.217200
0.735000 0.213150
0.736000 0.209200
0.737000 0.205300
0.738000 0.201500
0.739000 0.197800
0.740000 0.194150
0.741000 0.190550
0.742000 0.187050
0.743000 0.183600
0.744000 0.180250
0.745000 0.176950
0.746000 0.173700
0.747000 0.170500
0.748000 0.167400
0.749000 0.164350
0.750000 0.161350
0.751000 0.158450
0.752000 0.155550
0.753000 0.152750
0.754000 0.150000
0.755000 0.147250
0.756000 0.144600
0.757000 0.142000
0.758000 0.139450
0.759000 0.136950
0.760000 0.134500
0.761000 0.132100
0.762000 0.129750
0.763000 0.127400
0.764000 0.125150
0.765000 0.122900
0.766000 0.120750
0.767000 0.118600
0.768000 0.116500
0.769000 0.114400
0.770000 0.112400
0.771000 0.110400
0.772000 0.108450
0.773000 0.106550
0.774000 0.104700
0.775000 0.102850
0.776000 0.101050
0.777000 0.099300
0.778000 0.097550
0.779000 0.095850
0.780000 0.094150
0.781000 0.092550
0.782000 0.090900
0.783000 0.089350
0.784000 0.087800
0.785000 0.086300
0.786000 0.084800
0.787000 0.083350
0.788000 0.081900
0.789000 0.080500
0.790000 0.079100
0.791000 0.077750
0.792000 0.076400
0.793000 0.075100
0.794000 0.073800
0.795000 0.072550
0.796000 0.071300
0.797000 0.070100
0.798000 0.068900
0.799000 0.067750
0.800000 0.066600
0.801000 0.065500
0.802000 0.064350
0.803000 0.063300
0.804000 0.062200
0.805000 0.061150
0.806000 0.060150
0.807000 0.059150
0.808000 0.058150
0.809000 0.057150
0.810000 0.056200
0.811000 0.055300
0.812000 0.054350
0.813000 0.053450
0.814000 0.052550
0.815000 0.051700
0.816000 0.050850
0.817000 0.050000
0.818000 0.049150
0.819000 0.048350
0.820000 0.047550
0.821000 0.046750
0.822000 0.046000
0.823000 0.045250
0.824000 0.044500
0.825000 0.043800
0.826000 0.043050
0.827000 0.042350
0.828000 0.041650
0.829000 0.041000
0.830000 0.040300
0.831000 0.039650
0.832000 0.039050
0.833000 0.038400
0.834000 0.037750
0.835000 0.037150
0.836000 0.036550
0.837000 0.035950
0.838000 0.035400
0.839000 0.034850
0.840000 0.034250
0.841000 0.033700
0.842000 0.033200
0.843000 0.032650
0.844000 0.032150
0.845000 0.031600
0.846000 0.031100
0.847000 0.030600
0.848000 0.030150
0.849000 0.029650
0.850000 0.029200
0.851000 0.028700
0.852000 0.028250
0.853000 0.027800
0.854000 0.027400
0.855000 0.026950
0.856000 0.026550
0.857000 0.026100
0.858000 0.025700
0.859000 0.025300
0.860000 0.024900
0.861000 0.024500
0.862000 0.024150
0.863000 0.023750
0.864000 0.023400
0.865000 0.023050
0.866000 0.022650
0.867000 0.022300
0.868000 0.021950
0.869000 0.021650
0.870000 0.021300
0.871000 0.020950
0.872000 0.020650
0.873000 0.020350
0.874000 0.020000
0.875000 0.019700
0.876000 0.019400
0.877000 0.019100
0.878000 0.018800
0.879000 0.018550
0.880000 0.018250
0.881000 0.017950
0.882000 0.017700
0.883000 0.017450
0.884000 0.017150
0.885000 0.016900
0.886000 0.016650
0.887000 0.016400
0.888000 0.016150
0.889000 0.015900
0.890000 0.015650
0.891000 0.015450
0.892000 0.015200
0.893000 0.014950
0.894000 0.014750
0.895000 0.014550
0.896000 0.014300
0.897000 0.014100
0.898000 0.013900
0.899000 0.013700
0.900000 0.013500
0.901000 0.013300
0.902000 0.013100
0.903000 0.012900
0.904000 0.012700
0.905000 0.012500
0.906000 0.012350
0.907000 0.012150
0.908000 0.011950
0.909000 0.011800
0.910000 0.011600
0.911000 0.011450
0.912000 0.011300
0.913000 0.011100
0.914000 0.010950
0.915000 0.010800
0.916000 0.010650
0.917000 0.010500
0.918000 0.010350
0.919000 0.010200
0.920000 0.010050
0.921000 0.009900
0.922000 0.009750
0.923000 0.009600
0.924000 0.009450
0.925000 0.009350
0.926000 0.009200
0.927000 0.009050
0.928000 0.008950
0.929000 0.008800
0.930000 0.008650
0.931000 0.008550
0.932000 0.008450
0.933000 0.008300
0.934000 0.008200
0.935000 0.008050
0.936000 0.007950
0.937000 0.007850
0.938000 0.007750
0.939000 0.007600
0.940000 0.007500
0.941000 0.007400
0.942000 0.007300
0.943000 0.007200
0.944000 0.007100
0.945000 0.007000
0.946000 0.006900
0.947000 0.006800
0.948000 0.006700
0.949000 0.006600
0.950000 0.006500
0.951000 0.006450
0.952000 0.006350
0.953000 0.006250
0.954000 0.006150
0.955000 0.006100
0.956000 0.006000
0.957000 0.005900
0.958000 0.005850
0.959000 0.005750
0.960000 0.005650
0.961000 0.005600
0.962000 0.005500
0.963000 0.005450
0.964000 0.005350
0.965000 0.005300
0.966000 0.005200
0.967000 0.005150
0.968000 0.005050
0.969000 0.005000
0.970000 0.004950
0.971000 0.004850
0.972000 0.004800
0.973000 0.004750
0.974000 0.004650
0.975000 0.004600
0.976000 0.004550
0.977000 0.004500
0.978000 0.004400
0.979000 0.004350
0.980000 0.004300
0.981000 0.004250
0.982000 0.004200
0.983000 0.004150
0.984000 0.004100
0.985000 0.004000
0.986000 0.003950
0.987000 0.003900
0.988000 0.003850
0.989000 0.003800
0.990000 0.003750
0.991000 0.003700
0.992000 0.003650
0.993000 0.003600
0.994000 0.003550
0.995000 0.003500
0.996000 0.003450
0.997000 0.003400
0.998000 0.003400
0.999000 0.003350
1.000000 0.003300
1.001000 0.003250
1.002000 0.003200
1.003000 0.003150
1.004000 0.003100
1.005000 0.003100
1.006000 0.003050
1.007000 0.003000
1.008000 0.002950
1.009000 0.002900
1.010000 0.002900
1.011000 0.002850
1.012000 0.002800
1.013000 0.002750
1.014000 0.002750
1.015000 0.002700
1.016000 0.002650
1.017000 0.002650
1.018000 0.002600
1.019000 0.002550
1.020000 0.002550
1.021000 0.002500
1.022000 0.002450
1.023000 0.002450
1.024000 0.002400
1.025000 0.002350
1.026000 0.002350
1.027000 0.002300
1.028000 0.002300
1.029000 0.002250
1.030000 0.002200
1.031000 0.002200
1.032000 0.002150
1.033000 0.002150
1.034000 0.002100
1.035000 0.002100
1.036000 0.002050
1.037000 0.002050
1.038000 0.002000
1.039000 0.002000
1.040000 0.001950
1.041000 0.001950
1.042000 0.001900
1.043000 0.001900
1.044000 0.001850
1.045000 0.001850
1.046000 0.001800
1.047000 0.001800
1.048000 0.001750
1.049000 0.001750
1.050000 0.001700
1.051000 0.001700
1.052000 0.001700
1.053000 0.001650
1.054000 0.001650
1.055000 0.001600
1.056000 0.001600
1.057000 0.001600
1.058000 0.001550
1.059000 0.001550
1.060000 0.001500
1.061000 0.001500
1.062000 0.001500
1.063000 0.001450
1.064000 0.001450
1.065000 0.001450
1.066000 0.001400
1.067000 0.001400
1.068000 0.001350
1.069000 0.001350
1.070000 0.001350
1.071000 0.001300
1.072000 0.001300
1.073000 0.001300
1.074000 0.001300
1.075000 0.001250
1.076000 0.001250
1.077000 0.001250
1.078000 0.001200
1.079000 0.001200
1.080000 0.001200
1.081000 0.001150
1.082000 0.001150
1.083000 0.001150
1.084000 0.001150
1.085000 0.001100
1.086000 0.001100
1.087000 0.001100
1.088000 0.001100
1.089000 0.001050
1.090000 0.001050
1.091000 0.001050
1.092000 0.001000
1.093000 0.001000
1.094000 0.001000
1.095000 0.001000
1.096000 0.001000
1.097000 0.000950
1.098000 0.000950
1.099000 0.000950
