1100 64
0.000000 0.000000
0.001000 0.000000
0.002000 0.000000
0.003000 0.000000
0.004000 0.000000
0.005000 0.000000
0.006000 0.000000
0.007000 0.000000
0.008000 0.000000
0.009000 0.000000
0.010000 0.000000
0.011000 0.000000
0.012000 0.000000
0.013000 0.000000
0.014000 0.000000
0.015000 0.000000
0.016000 0.000000
0.017000 0.000000
0.018000 0.000000
0.019000 0.000000
0.020000 0.000000
0.021000 0.000000
0.022000 0.000000
0.023000 0.000000
0.024000 0.000000
0.025000 0.000000
0.026000 0.000000
0.027000 0.000000
0.028000 0.000000
0.029000 0.000000
0.030000 0.000000
0.031000 0.000000
0.032000 0.000000
0.033000 0.000000
0.034000 0.000000
0.035000 0.000000
0.036000 0.000000
0.037000 0.000000
0.038000 0.000000
0.039000 0.000000
0.040000 0.000000
0.041000 0.000000
0.042000 0.000000
0.043000 0.000000
0.044000 0.000000
0.045000 0.000000
0.046000 0.000000
0.047000 0.000000
0.048000 0.000000
0.049000 0.000000
0.050000 0.000000
0.051000 0.000000
0.052000 0.000000
0.053000 0.000000
0.054000 0.000000
0.055000 0.000000
0.056000 0.000000
0.057000 0.000000
0.058000 0.000000
0.059000 0.000000
0.060000 0.000000
0.061000 0.000000
0.062000 0.000000
0.063000 0.000000
0.064000 0.000000
0.065000 0.000000
0.066000 0.000000
0.067000 0.000000
0.068000 0.000000
0.069000 0.000000
0.070000 0.000000
0.071000 0.000000
0.072000 0.000000
0.073000 0.000000
0.074000 0.000000
0.075000 0.000000
0.076000 0.000000
0.077000 0.000000
0.078000 0.000000
0.079000 0.000000
0.080000 0.000000
0.081000 0.000000
0.082000 0.000000
0.083000 0.000000
0.084000 0.000000
0.085000 0.000000
0.086000 0.000000
0.087000 0.000000
0.088000 0.000000
0.089000 0.000000
0.090000 0.000000
0.091000 0.000000
0.092000 0.000000
0.093000 0.000000
0.094000 0.000000
0.095000 0.000000
0.096000 0.000000
0.097000 0.000000
0.098000 0.000000
0.099000 0.000000
0.100000 0.000000
0.101000 0.018709
0.102000 0.074835
0.103000 0.168244
0.104000 0.298935
0.105000 0.466501
0.106000 0.670943
0.107000 0.911718
0.108000 1.188690
0.109000 1.501317
0.110000 1.849194
0.111000 2.231776
0.112000 2.648523
0.113000 3.099026
0.114000 3.582474
0.115000 4.098187
0.116000 4.645489
0.117000 5.223701
0.118000 5.832010
0.119000 6.469602
0.120000 7.135529
0.121000 7.829247
0.122000 8.549538
0.123000 9.295723
0.124000 10.066717
0.125000 10.861844
0.126000 11.679881
0.127000 12.520017
0.128000 13.381166
0.129000 14.262516
0.130000 15.163117
0.131000 16.081748
0.132000 17.017733
0.133000 17.969987
0.134000 18.937424
0.135000 19.919367
0.136000 20.914597
0.137000 21.922299
0.138000 22.941660
0.139000 23.971596
0.140000 25.011293
0.141000 26.059802
0.142000 27.116445
0.143000 28.180274
0.144000 29.250475
0.145000 30.326233
0.146000 31.406737
0.147000 32.491308
0.148000 33.579133
0.149000 34.669669
0.150000 35.761968
0.151000 36.855622
0.152000 37.949819
0.153000 39.044016
0.154000 40.137534
0.155000 41.229968
0.156000 42.320640
0.157000 43.409007
0.158000 44.494663
0.159000 45.576929
0.160000 46.655671
0.161000 47.730210
0.162000 48.800139
0.163000 49.865188
0.164000 50.924949
0.165000 51.978881
0.166000 53.026983
0.167000 54.068714
0.168000 55.103801
0.169000 56.132110
0.170000 57.153234
0.171000 58.166901
0.172000 59.172976
0.173000 60.171324
0.174000 61.161673
0.175000 62.143752
0.176000 63.117561
0.177000 64.082965
0.178000 65.039692
0.179000 65.987607
0.180000 66.926710
0.181000 67.856866
0.182000 68.778073
0.183000 69.690062
0.184000 70.592967
0.185000 71.486654
0.186000 72.371122
0.187000 73.246099
0.188000 74.111994
0.189000 74.968398
0.190000 75.815448
0.191000 76.653144
0.192000 77.481485
0.193000 78.300471
0.194000 79.110239
0.195000 79.910517
0.196000 80.701712
0.197000 81.483552
0.198000 82.256173
0.199000 83.019576
0.200000 83.774030
0.201000 84.519266
0.202000 85.255554
0.203000 85.982759
0.204000 86.701152
0.205000 87.410733
0.206000 88.111501
0.207000 88.803593
0.208000 89.487008
0.209000 90.162018
0.210000 90.828352
0.211000 91.486415
0.212000 92.136073
0.213000 92.777597
0.214000 93.410851
0.215000 94.035971
0.216000 94.653227
0.217000 95.262485
0.218000 95.863879
0.219000 96.457682
0.220000 97.043757
0.221000 97.622240
0.222000 98.193267
0.223000 98.756837
0.224000 99.313087
0.225000 99.862151
0.226000 100.404165
0.227000 100.938994
0.228000 101.467045
0.229000 101.988045
0.230000 102.502403
0.231000 103.009983
0.232000 103.510919
0.233000 104.005348
0.234000 104.493405
0.235000 104.974954
0.236000 105.450403
0.237000 105.919616
0.238000 106.382592
0.239000 106.839738
0.240000 107.290784
0.241000 107.736001
0.242000 108.175523
0.243000 108.609352
0.244000 109.037486
0.245000 109.460062
0.246000 109.877080
0.247000 110.288810
0.248000 110.695253
0.249000 111.096409
0.250000 111.492413
0.251000 111.883265
0.252000 112.269237
0.253000 112.650057
0.254000 113.026132
0.255000 113.397326
0.256000 113.763776
0.257000 114.125616
0.258000 114.482846
0.259000 114.835467
0.260000 115.183615
0.261000 115.527288
0.262000 115.866623
0.263000 116.201756
0.264000 116.532550
0.265000 116.859141
0.266000 117.181666
0.267000 117.500259
0.268000 117.814649
0.269000 118.125243
0.270000 118.431905
0.271000 118.734771
0.272000 119.033842
0.273000 119.329116
0.274000 119.620730
0.275000 119.908820
0.276000 120.193248
0.277000 120.474152
0.278000 120.751667
0.279000 121.025657
0.280000 121.296393
0.281000 121.563740
0.282000 121.827697
0.283000 122.088536
0.284000 122.346122
0.285000 122.600589
0.286000 122.851939
0.287000 123.100170
0.288000 123.345419
0.289000 123.587685
0.290000 123.826968
0.291000 124.063405
0.292000 124.296859
0.293000 124.527601
0.294000 124.755361
0.295000 124.980545
0.296000 125.202882
0.297000 125.422508
0.298000 125.639558
0.299000 125.853896
0.300000 126.065658
0.301000 126.274709
0.302000 126.481320
0.303000 126.685491
0.304000 126.887085
0.305000 127.086240
0.306000 127.282954
0.307000 127.477228
0.308000 127.669061
0.309000 127.858590
0.310000 128.045814
0.311000 128.230733
0.312000 128.413212
0.313000 128.593522
0.314000 128.771528
0.315000 128.947364
0.316000 129.120895
0.317000 129.292257
0.318000 129.461450
0.319000 129.628339
0.320000 129.793194
0.321000 129.955879
0.322000 130.116396
0.323000 130.274743
0.324000 130.431057
0.325000 130.585202
0.326000 130.737313
0.327000 130.887255
0.328000 131.035163
0.329000 131.181038
0.330000 131.324743
0.331000 131.466415
0.332000 131.606054
0.333000 131.743523
0.334000 131.878959
0.335000 132.012361
0.336000 132.143595
0.337000 132.272794
0.338000 132.399960
0.339000 132.524957
0.340000 132.647920
0.341000 132.768714
0.342000 132.887475
0.343000 133.004066
0.344000 133.118488
0.345000 133.230741
0.346000 133.340825
0.347000 133.448605
0.348000 133.554350
0.349000 133.657791
0.350000 133.758928
0.351000 133.857895
0.352000 133.954421
0.353000 134.048644
0.354000 134.140561
0.355000 134.230038
0.356000 134.317075
0.357000 134.401671
0.358000 134.483828
0.359000 134.563408
0.360000 134.640413
0.361000 134.714706
0.362000 134.786423
0.363000 134.855429
0.364000 134.921588
0.365000 134.984900
0.366000 135.045500
0.367000 135.103118
0.368000 135.157753
0.369000 135.209270
0.370000 135.257669
0.371000 135.303086
0.372000 135.345113
0.373000 135.383751
0.374000 135.419135
0.375000 135.450994
0.376000 135.479328
0.377000 135.504138
0.378000 135.525152
0.379000 135.542369
0.380000 135.555655
0.381000 135.565009
0.382000 135.570297
0.383000 135.571381
0.384000 135.568263
0.385000 135.560671
0.386000 135.548605
0.387000 135.531930
0.388000 135.510510
0.389000 135.484345
0.390000 135.453163
0.391000 135.416966
0.392000 135.375481
0.393000 135.328573
0.394000 135.276378
0.395000 135.218489
0.396000 135.154770
0.397000 135.085222
0.398000 135.009574
0.399000 134.927824
0.400000 134.839703
0.401000 134.745074
0.402000 134.643666
0.403000 134.535480
0.404000 134.420380
0.405000 134.298095
0.406000 134.168353
0.407000 134.031155
0.408000 133.886365
0.409000 133.733576
0.410000 133.572788
0.411000 133.403731
0.412000 133.226403
0.413000 133.040264
0.414000 132.845448
0.415000 132.641548
0.416000 132.428566
0.417000 132.206093
0.418000 131.974130
0.419000 131.732271
0.420000 131.480650
0.421000 131.218727
0.422000 130.946364
0.423000 130.663562
0.424000 130.369914
0.425000 130.065421
0.426000 129.749675
0.427000 129.422541
0.428000 129.084020
0.429000 128.733703
0.430000 128.371456
0.431000 127.997144
0.432000 127.610494
0.433000 127.211508
0.434000 126.799777
0.435000 126.375439
0.436000 125.937950
0.437000 125.487582
0.438000 125.023792
0.439000 124.546717
0.440000 124.055948
0.441000 123.551758
0.442000 123.033604
0.443000 122.501622
0.444000 121.955676
0.445000 121.395767
0.446000 120.821622
0.447000 120.233242
0.448000 119.630627
0.449000 119.013642
0.450000 118.382286
0.451000 117.736559
0.452000 117.076462
0.453000 116.402130
0.454000 115.713292
0.455000 115.010083
0.456000 114.292775
0.457000 113.561096
0.458000 112.815454
0.459000 112.055712
0.460000 111.282142
0.461000 110.494607
0.462000 109.693652
0.463000 108.879139
0.464000 108.051204
0.465000 107.210391
0.466000 106.356562
0.467000 105.490125
0.468000 104.611352
0.469000 103.720377
0.470000 102.817471
0.471000 101.903178
0.472000 100.977496
0.473000 100.040969
0.474000 99.093868
0.475000 98.136463
0.476000 97.169296
0.477000 96.192640
0.478000 95.206901
0.479000 94.212620
0.480000 93.210070
0.481000 92.199656
0.482000 91.182057
0.483000 90.157544
0.484000 89.126524
0.485000 88.089674
0.486000 87.047266
0.487000 85.999977
0.488000 84.948214
0.489000 83.892520
0.490000 82.833301
0.491000 81.771099
0.492000 80.706457
0.493000 79.639917
0.494000 78.572021
0.495000 77.503041
0.496000 76.433654
0.497000 75.364402
0.498000 74.295828
0.499000 73.228204
0.500000 72.162206
0.501000 71.098242
0.502000 70.036853
0.503000 68.978448
0.504000 67.923567
0.505000 66.872617
0.506000 65.826006
0.507000 64.784140
0.508000 63.747562
0.509000 62.716677
0.510000 61.691757
0.511000 60.673345
0.512000 59.661576
0.513000 58.657127
0.514000 57.660000
0.515000 56.670871
0.516000 55.689876
0.517000 54.717287
0.518000 53.753375
0.519000 52.798681
0.520000 51.853071
0.521000 50.917222
0.522000 49.990998
0.523000 49.074671
0.524000 48.168647
0.525000 47.273063
0.526000 46.387917
0.527000 45.513482
0.528000 44.649892
0.529000 43.797284
0.530000 42.955792
0.531000 42.125553
0.532000 41.306566
0.533000 40.498968
0.534000 39.702757
0.535000 38.918070
0.536000 38.144906
0.537000 37.383402
0.538000 36.633421
0.539000 35.895099
0.540000 35.168301
0.541000 34.453162
0.542000 33.749546
0.543000 33.057590
0.544000 32.377022
0.545000 31.707977
0.546000 31.050320
0.547000 30.404051
0.548000 29.769035
0.549000 29.145271
0.550000 28.532624
0.551000 27.931094
0.552000 27.340545
0.553000 26.760706
0.554000 26.191713
0.555000 25.633430
0.556000 25.085586
0.557000 24.548317
0.558000 24.021215
0.559000 23.504417
0.560000 22.997651
0.561000 22.500782
0.562000 22.013810
0.563000 21.536463
0.564000 21.068742
0.565000 20.610375
0.566000 20.161227
0.567000 19.721433
0.568000 19.290452
0.569000 18.868418
0.570000 18.455197
0.571000 18.050516
0.572000 17.654241
0.573000 17.266371
0.574000 16.886636
0.575000 16.514899
0.576000 16.151025
0.577000 15.795015
0.578000 15.446596
0.579000 15.105634
0.580000 14.771993
0.581000 14.445673
0.582000 14.126402
0.583000 13.814046
0.584000 13.508468
0.585000 13.209533
0.586000 12.917241
0.587000 12.631321
0.588000 12.351773
0.589000 12.078326
0.590000 11.810979
0.591000 11.549597
0.592000 11.293909
0.593000 11.043916
0.594000 10.799616
0.595000 10.560739
0.596000 10.327150
0.597000 10.098712
0.598000 9.875562
0.599000 9.657292
0.600000 9.444038
0.601000 9.235529
0.602000 9.031630
0.603000 8.832475
0.604000 8.637659
0.605000 8.447453
0.606000 8.261313
0.607000 8.079512
0.608000 7.901778
0.609000 7.728111
0.610000 7.558376
0.611000 7.392572
0.612000 7.230428
0.613000 7.071946
0.614000 6.916987
0.615000 6.765690
0.616000 6.617781
0.617000 6.473262
0.618000 6.331997
0.619000 6.193850
0.620000 6.058956
0.621000 5.927045
0.622000 5.798252
0.623000 5.672307
0.624000 5.549208
0.625000 5.428820
0.626000 5.311280
0.627000 5.196315
0.628000 5.084062
0.629000 4.974385
0.630000 4.867013
0.631000 4.762216
0.632000 4.659724
0.633000 4.559672
0.634000 4.461790
0.635000 4.366076
0.636000 4.272532
0.637000 4.181157
0.638000 4.091815
0.639000 4.004507
0.640000 3.919097
0.641000 3.835721
0.642000 3.754107
0.643000 3.674391
0.644000 3.596438
0.645000 3.520382
0.646000 3.445818
0.647000 3.373016
0.648000 3.301841
0.649000 3.232293
0.650000 3.164236
0.651000 3.097806
0.652000 3.032732
0.653000 2.969149
0.654000 2.907057
0.655000 2.846186
0.656000 2.786805
0.657000 2.728645
0.658000 2.671841
0.659000 2.616392
0.660000 2.562028
0.661000 2.508884
0.662000 2.456960
0.663000 2.406121
0.664000 2.356502
0.665000 2.307832
0.666000 2.260382
0.667000 2.213881
0.668000 2.168464
0.669000 2.123997
0.670000 2.080478
0.671000 2.037909
0.672000 1.996289
0.673000 1.955617
0.674000 1.915895
0.675000 1.876850
0.676000 1.838755
0.677000 1.801473
0.678000 1.765004
0.679000 1.729349
0.680000 1.694507
0.681000 1.660343
0.682000 1.626992
0.683000 1.594184
0.684000 1.562325
0.685000 1.531008
0.686000 1.500368
0.687000 1.470407
0.688000 1.440988
0.689000 1.412383
0.690000 1.384319
0.691000 1.356798
0.692000 1.329820
0.693000 1.303519
0.694000 1.277760
0.695000 1.252544
0.696000 1.227870
0.697000 1.203738
0.698000 1.180013
0.699000 1.156831
0.700000 1.134190
0.701000 1.111956
0.702000 1.090265
0.703000 1.068980
0.704000 1.048238
0.705000 1.027767
0.706000 1.007838
0.707000 0.988315
0.708000 0.969200
0.709000 0.950491
0.710000 0.932053
0.711000 0.914158
0.712000 0.896534
0.713000 0.879316
0.714000 0.862370
0.715000 0.845965
0.716000 0.829697
0.717000 0.813835
0.718000 0.798380
0.719000 0.783196
0.720000 0.768283
0.721000 0.753641
0.722000 0.739406
0.723000 0.725307
0.724000 0.711614
0.725000 0.698193
0.726000 0.685042
0.727000 0.672163
0.728000 0.659555
0.729000 0.647082
0.730000 0.635016
0.731000 0.623086
0.732000 0.611563
0.733000 0.600039
0.734000 0.588922
0.735000 0.577941
0.736000 0.567231
0.737000 0.556656
0.738000 0.546353
0.739000 0.536320
0.740000 0.526424
0.741000 0.516663
0.742000 0.507173
0.743000 0.497818
0.744000 0.488735
0.745000 0.479787
0.746000 0.470975
0.747000 0.462298
0.748000 0.453893
0.749000 0.445623
0.750000 0.437489
0.751000 0.429626
0.752000 0.421763
0.753000 0.414171
0.754000 0.406714
0.755000 0.399258
0.756000 0.392072
0.757000 0.385023
0.758000 0.378109
0.759000 0.371330
0.760000 0.364687
0.761000 0.358180
0.762000 0.351808
0.763000 0.345436
0.764000 0.339335
0.765000 0.333234
0.766000 0.327405
0.767000 0.321575
0.768000 0.315881
0.769000 0.310187
0.770000 0.304764
0.771000 0.299342
0.772000 0.294054
0.773000 0.288903
0.774000 0.283886
0.775000 0.278870
0.776000 0.273990
0.777000 0.269245
0.778000 0.264500
0.779000 0.259890
0.780000 0.255281
0.781000 0.250943
0.782000 0.246469
0.783000 0.242266
0.784000 0.238063
0.785000 0.233996
0.786000 0.229929
0.787000 0.225997
0.788000 0.222066
0.789000 0.218270
0.790000 0.214474
0.791000 0.210813
0.792000 0.207153
0.793000 0.203628
0.794000 0.200103
0.795000 0.196714
0.796000 0.193325
0.797000 0.190071
0.798000 0.186817
0.799000 0.183699
0.800000 0.180581
0.801000 0.177599
0.802000 0.174480
0.803000 0.171633
0.804000 0.168651
0.805000 0.165804
0.806000 0.163092
0.807000 0.160381
0.808000 0.157670
0.809000 0.154958
0.810000 0.152382
0.811000 0.149942
0.812000 0.147366
0.813000 0.144926
0.814000 0.142486
0.815000 0.140181
0.816000 0.137876
0.817000 0.135571
0.818000 0.133267
0.819000 0.131098
0.820000 0.128928
0.821000 0.126759
0.822000 0.124726
0.823000 0.122692
0.824000 0.120659
0.825000 0.118761
0.826000 0.116727
0.827000 0.114829
0.828000 0.112931
0.829000 0.111169
0.830000 0.109271
0.831000 0.107508
0.832000 0.105881
0.833000 0.104119
0.834000 0.102356
0.835000 0.100730
0.836000 0.099103
0.837000 0.097476
0.838000 0.095985
0.839000 0.094493
0.840000 0.092866
0.841000 0.091375
0.842000 0.090019
0.843000 0.088528
0.844000 0.087172
0.845000 0.085681
0.846000 0.084325
0.847000 0.082970
0.848000 0.081750
0.849000 0.080394
0.850000 0.079174
0.851000 0.077818
0.852000 0.076598
0.853000 0.075378
0.854000 0.074293
0.855000 0.073073
0.856000 0.071988
0.857000 0.070768
0.858000 0.069684
0.859000 0.068599
0.860000 0.067515
0.861000 0.066430
0.862000 0.065481
0.863000 0.064396
0.864000 0.063447
0.865000 0.062498
0.866000 0.061414
0.867000 0.060465
0.868000 0.059516
0.869000 0.058702
0.870000 0.057753
0.871000 0.056804
0.872000 0.055991
0.873000 0.055178
0.874000 0.054229
0.875000 0.053415
0.876000 0.052602
0.877000 0.051788
0.878000 0.050975
0.879000 0.050297
0.880000 0.049484
0.881000 0.048670
0.882000 0.047992
0.883000 0.047314
0.884000 0.046501
0.885000 0.045823
0.886000 0.045145
0.887000 0.044467
0.888000 0.043790
0.889000 0.043112
0.890000 0.042434
0.891000 0.041892
0.892000 0.041214
0.893000 0.040536
0.894000 0.039994
0.895000 0.039451
0.896000 0.038773
0.897000 0.038231
0.898000 0.037689
0.899000 0.037147
0.900000 0.036604
0.901000 0.036062
0.902000 0.035520
0.903000 0.034977
0.904000 0.034435
0.905000 0.033893
0.906000 0.033486
0.907000 0.032944
0.908000 0.032402
0.909000 0.031995
0.910000 0.031453
0.911000 0.031046
0.912000 0.030639
0.913000 0.030097
0.914000 0.029690
0.915000 0.029283
0.916000 0.028877
0.917000 0.028470
0.918000 0.028063
0.919000 0.027657
0.920000 0.027250
0.921000 0.026843
0.922000 0.026436
0.923000 0.026030
0.924000 0.025623
0.925000 0.025352
0.926000 0.024945
0.927000 0.024538
0.928000 0.024267
0.929000 0.023861
0.930000 0.023454
0.931000 0.023183
0.932000 0.022912
0.933000 0.022505
0.934000 0.022234
0.935000 0.021827
0.936000 0.021556
0.937000 0.021285
0.938000 0.021014
0.939000 0.020607
0.940000 0.020336
0.941000 0.020065
0.942000 0.019793
0.943000 0.019522
0.944000 0.019251
0.945000 0.018980
0.946000 0.018709
0.947000 0.018438
0.948000 0.018167
0.949000 0.017895
0.950000 0.017624
0.951000 0.017489
0.952000 0.017218
0.953000 0.016946
0.954000 0.016675
0.955000 0.016540
0.956000 0.016269
0.957000 0.015997
0.958000 0.015862
0.959000 0.015591
0.960000 0.015320
0.961000 0.015184
0.962000 0.014913
0.963000 0.014777
0.964000 0.014506
0.965000 0.014371
0.966000 0.014099
0.967000 0.013964
0.968000 0.013693
0.969000 0.013557
0.970000 0.013422
0.971000 0.013150
0.972000 0.013015
0.973000 0.012879
0.974000 0.012608
0.975000 0.012473
0.976000 0.012337
0.977000 0.012201
0.978000 0.011930
0.979000 0.011795
0.980000 0.011659
0.981000 0.011524
0.982000 0.011388
0.983000 0.011252
0.984000 0.011117
0.985000 0.010846
0.986000 0.010710
0.987000 0.010575
0.988000 0.010439
0.989000 0.010303
0.990000 0.010168
0.991000 0.010032
0.992000 0.009897
0.993000 0.009761
0.994000 0.009626
0.995000 0.009490
0.996000 0.009354
0.997000 0.009219
0.998000 0.009219
0.999000 0.009083
1.000000 0.008948
1.001000 0.008812
1.002000 0.008677
1.003000 0.008541
1.004000 0.008405
1.005000 0.008405
1.006000 0.008270
1.007000 0.008134
1.008000 0.007999
1.009000 0.007863
1.010000 0.007863
1.011000 0.007728
1.012000 0.007592
1.013000 0.007456
1.014000 0.007456
1.015000 0.007321
1.016000 0.007185
1.017000 0.007185
1.018000 0.007050
1.019000 0.006914
1.020000 0.006914
1.021000 0.006779
1.022000 0.006643
1.023000 0.006643
1.024000 0.006507
1.025000 0.006372
1.026000 0.006372
1.027000 0.006236
1.028000 0.006236
1.029000 0.006101
1.030000 0.005965
1.031000 0.005965
1.032000 0.005830
1.033000 0.005830
1.034000 0.005694
1.035000 0.005694
1.036000 0.005558
1.037000 0.005558
1.038000 0.005423
1.039000 0.005423
1.040000 0.005287
1.041000 0.005287
1.042000 0.005152
1.043000 0.005152
1.044000 0.005016
1.045000 0.005016
1.046000 0.004881
1.047000 0.004881
1.048000 0.004745
1.049000 0.004745
1.050000 0.004609
1.051000 0.004609
1.052000 0.004609
1.053000 0.004474
1.054000 0.004474
1.055000 0.004338
1.056000 0.004338
1.057000 0.004338
1.058000 0.004203
1.059000 0.004203
1.060000 0.004067
1.061000 0.004067
1.062000 0.004067
1.063000 0.003932
1.064000 0.003932
1.065000 0.003932
1.066000 0.003796
1.067000 0.003796
1.068000 0.003660
1.069000 0.003660
1.070000 0.003660
1.071000 0.003525
1.072000 0.003525
1.073000 0.003525
1.074000 0.003525
1.075000 0.003389
1.076000 0.003389
1.077000 0.003389
1.078000 0.003254
1.079000 0.003254
1.080000 0.003254
1.081000 0.003118
1.082000 0.003118
1.083000 0.003118
1.084000 0.003118
1.085000 0.002983
1.086000 0.002983
1.087000 0.002983
1.088000 0.002983
1.089000 0.002847
1.090000 0.002847
1.091000 0.002847
1.092000 0.002711
1.093000 0.002711
1.094000 0.002711
1.095000 0.002711
1.096000 0.002711
1.097000 0.002576
1.098000 0.002576
1.099000 0.002576
