1100 64
0.000000 0.000000
0.001000 0.000000
0.002000 0.000000
0.003000 0.000000
0.004000 0.000000
0.005000 0.000000
0.006000 0.000000
0.007000 0.000000
0.008000 0.000000
0.009000 0.000000
0.010000 0.000000
0.011000 0.000000
0.012000 0.000000
0.013000 0.000000
0.014000 0.000000
0.015000 0.000000
0.016000 0.000000
0.017000 0.000000
0.018000 0.000000
0.019000 0.000000
0.020000 0.000000
0.021000 0.000000
0.022000 0.000000
0.023000 0.000000
0.024000 0.000000
0.025000 0.000000
0.026000 0.000000
0.027000 0.000000
0.028000 0.000000
0.029000 0.000000
0.030000 0.000000
0.031000 0.000000
0.032000 0.000000
0.033000 0.000000
0.034000 0.000000
0.035000 0.000000
0.036000 0.000000
0.037000 0.000000
0.038000 0.000000
0.039000 0.000000
0.040000 0.000000
0.041000 0.000000
0.042000 0.000000
0.043000 0.000000
0.044000 0.000000
0.045000 0.000000
0.046000 0.000000
0.047000 0.000000
0.048000 0.000000
0.049000 0.000000
0.050000 0.000000
0.051000 0.000000
0.052000 0.000000
0.053000 0.000000
0.054000 0.000000
0.055000 0.000000
0.056000 0.000000
0.057000 0.000000
0.058000 0.000000
0.059000 0.000000
0.060000 0.000000
0.061000 0.000000
0.062000 0.000000
0.063000 0.000000
0.064000 0.000000
0.065000 0.000000
0.066000 0.000000
0.067000 0.000000
0.068000 0.000000
0.069000 0.000000
0.070000 0.000000
0.071000 0.000000
0.072000 0.000000
0.073000 0.000000
0.074000 0.000000
0.075000 0.000000
0.076000 0.000000
0.077000 0.000000
0.078000 0.000000
0.079000 0.000000
0.080000 0.000000
0.081000 0.000000
0.082000 0.000000
0.083000 0.000000
0.084000 0.000000
0.085000 0.000000
0.086000 0.000000
0.087000 0.000000
0.088000 0.000000
0.089000 0.000000
0.090000 0.000000
0.091000 0.000000
0.092000 0.000000
0.093000 0.000000
0.094000 0.000000
0.095000 0.000000
0.096000 0.000000
0.097000 0.000000
0.098000 0.000000
0.099000 0.000000
0.100000 0.000000
0.101000 0.015965
0.102000 0.063861
0.103000 0.143572
0.104000 0.255097
0.105000 0.398091
0.106000 0.572552
0.107000 0.778018
0.108000 1.014374
0.109000 1.281156
0.110000 1.578018
0.111000 1.904497
0.112000 2.260129
0.113000 2.644569
0.114000 3.057121
0.115000 3.497207
0.116000 3.964250
0.117000 4.457670
0.118000 4.976773
0.119000 5.520865
0.120000 6.089137
0.121000 6.681125
0.122000 7.295788
0.123000 7.932549
0.124000 8.590480
0.125000 9.269005
0.126000 9.967081
0.127000 10.684015
0.128000 11.418881
0.129000 12.170985
0.130000 12.939517
0.131000 13.723435
0.132000 14.522162
0.133000 15.334772
0.134000 16.160339
0.135000 16.998286
0.136000 17.847569
0.137000 18.707497
0.138000 19.577373
0.139000 20.456274
0.140000 21.343504
0.141000 22.238254
0.142000 23.139946
0.143000 24.047769
0.144000 24.961029
0.145000 25.879033
0.146000 26.801086
0.147000 27.726610
0.148000 28.654911
0.149000 29.585525
0.150000 30.517643
0.151000 31.450918
0.152000 32.384656
0.153000 33.318393
0.154000 34.251553
0.155000 35.183787
0.156000 36.114517
0.157000 37.043280
0.158000 37.969729
0.159000 38.893286
0.160000 39.813835
0.161000 40.730798
0.162000 41.643827
0.163000 42.552691
0.164000 43.457044
0.165000 44.356422
0.166000 45.250825
0.167000 46.139790
0.168000 47.023087
0.169000 47.900599
0.170000 48.771980
0.171000 49.636997
0.172000 50.495536
0.173000 51.347481
0.174000 52.192600
0.175000 53.030662
0.176000 53.861666
0.177000 54.685498
0.178000 55.501926
0.179000 56.310834
0.180000 57.112222
0.181000 57.905974
0.182000 58.692091
0.183000 59.470341
0.184000 60.240839
0.185000 61.003471
0.186000 61.758235
0.187000 62.504902
0.188000 63.243817
0.189000 63.974633
0.190000 64.697468
0.191000 65.412319
0.192000 66.119188
0.193000 66.818074
0.194000 67.509093
0.195000 68.192014
0.196000 68.867184
0.197000 69.534371
0.198000 70.193691
0.199000 70.845144
0.200000 71.488961
0.201000 72.124912
0.202000 72.753227
0.203000 73.373790
0.204000 73.986834
0.205000 74.592358
0.206000 75.190362
0.207000 75.780962
0.208000 76.364158
0.209000 76.940180
0.210000 77.508799
0.211000 78.070361
0.212000 78.624749
0.213000 79.172197
0.214000 79.712587
0.215000 80.246036
0.216000 80.772774
0.217000 81.292687
0.218000 81.805890
0.219000 82.312615
0.220000 82.812745
0.221000 83.306396
0.222000 83.793684
0.223000 84.274609
0.224000 84.749287
0.225000 85.217834
0.226000 85.680364
0.227000 86.136763
0.228000 86.587378
0.229000 87.031976
0.230000 87.470906
0.231000 87.904051
0.232000 88.331527
0.233000 88.753450
0.234000 89.169936
0.235000 89.580869
0.236000 89.986595
0.237000 90.387000
0.238000 90.782083
0.239000 91.172191
0.240000 91.557093
0.241000 91.937021
0.242000 92.312089
0.243000 92.682299
0.244000 93.047649
0.245000 93.408257
0.246000 93.764120
0.247000 94.115472
0.248000 94.462312
0.249000 94.804641
0.250000 95.142572
0.251000 95.476108
0.252000 95.805479
0.253000 96.130453
0.254000 96.451379
0.255000 96.768139
0.256000 97.080851
0.257000 97.389629
0.258000 97.694473
0.259000 97.995384
0.260000 98.292477
0.261000 98.585752
0.262000 98.875326
0.263000 99.161312
0.264000 99.443597
0.265000 99.722296
0.266000 99.997523
0.267000 100.269396
0.268000 100.537682
0.269000 100.802729
0.270000 101.064421
0.271000 101.322873
0.272000 101.578086
0.273000 101.830060
0.274000 102.078910
0.275000 102.324753
0.276000 102.567471
0.277000 102.807182
0.278000 103.044000
0.279000 103.277811
0.280000 103.508845
0.281000 103.736986
0.282000 103.962236
0.283000 104.184824
0.284000 104.404636
0.285000 104.621787
0.286000 104.836277
0.287000 105.048106
0.288000 105.257391
0.289000 105.464129
0.290000 105.668323
0.291000 105.870087
0.292000 106.069306
0.293000 106.266211
0.294000 106.460571
0.295000 106.652733
0.296000 106.842466
0.297000 107.029884
0.298000 107.215105
0.299000 107.398011
0.300000 107.578720
0.301000 107.757115
0.302000 107.933427
0.303000 108.107657
0.304000 108.279688
0.305000 108.449638
0.306000 108.617505
0.307000 108.783289
0.308000 108.946991
0.309000 109.108726
0.310000 109.268495
0.311000 109.426297
0.312000 109.582016
0.313000 109.735884
0.314000 109.887786
0.315000 110.037837
0.316000 110.185920
0.317000 110.332153
0.318000 110.476535
0.319000 110.618950
0.320000 110.759629
0.321000 110.898458
0.322000 111.035435
0.323000 111.170562
0.324000 111.303953
0.325000 111.435493
0.326000 111.565298
0.327000 111.693252
0.328000 111.819470
0.329000 111.943953
0.330000 112.066585
0.331000 112.187481
0.332000 112.306642
0.333000 112.423953
0.334000 112.539527
0.335000 112.653367
0.336000 112.765355
0.337000 112.875608
0.338000 112.984126
0.339000 113.090792
0.340000 113.195724
0.341000 113.298804
0.342000 113.400149
0.343000 113.499643
0.344000 113.597285
0.345000 113.693077
0.346000 113.787018
0.347000 113.878992
0.348000 113.969230
0.349000 114.057502
0.350000 114.143807
0.351000 114.228261
0.352000 114.310633
0.353000 114.391038
0.354000 114.469476
0.355000 114.545832
0.356000 114.620105
0.357000 114.692296
0.358000 114.762404
0.359000 114.830314
0.360000 114.896027
0.361000 114.959425
0.362000 115.020625
0.363000 115.079512
0.364000 115.135969
0.365000 115.189996
0.366000 115.241710
0.367000 115.290878
0.368000 115.337501
0.369000 115.381464
0.370000 115.422765
0.371000 115.461522
0.372000 115.497386
0.373000 115.530357
0.374000 115.560553
0.375000 115.587740
0.376000 115.611919
0.377000 115.633091
0.378000 115.651023
0.379000 115.665715
0.380000 115.677053
0.381000 115.685036
0.382000 115.689548
0.383000 115.690473
0.384000 115.687812
0.385000 115.681334
0.386000 115.671037
0.387000 115.656807
0.388000 115.638528
0.389000 115.616200
0.390000 115.589591
0.391000 115.558702
0.392000 115.523300
0.393000 115.483271
0.394000 115.438731
0.395000 115.389331
0.396000 115.334956
0.397000 115.275607
0.398000 115.211052
0.399000 115.141290
0.400000 115.066092
0.401000 114.985340
0.402000 114.898803
0.403000 114.806482
0.404000 114.708261
0.405000 114.603908
0.406000 114.493192
0.407000 114.376114
0.408000 114.252556
0.409000 114.122173
0.410000 113.984964
0.411000 113.840698
0.412000 113.689375
0.413000 113.530532
0.414000 113.364285
0.415000 113.190286
0.416000 113.008537
0.417000 112.818688
0.418000 112.620742
0.419000 112.414350
0.420000 112.199629
0.421000 111.976115
0.422000 111.743693
0.423000 111.502362
0.424000 111.251777
0.425000 110.991936
0.426000 110.722493
0.427000 110.443332
0.428000 110.154453
0.429000 109.855508
0.430000 109.546383
0.431000 109.226962
0.432000 108.897013
0.433000 108.556536
0.434000 108.205184
0.435000 107.843073
0.436000 107.469739
0.437000 107.085416
0.438000 106.689639
0.439000 106.282524
0.440000 105.863724
0.441000 105.433471
0.442000 104.991302
0.443000 104.537333
0.444000 104.071447
0.445000 103.593646
0.446000 103.103697
0.447000 102.601600
0.448000 102.087356
0.449000 101.560849
0.450000 101.022078
0.451000 100.471044
0.452000 99.907747
0.453000 99.332303
0.454000 98.744480
0.455000 98.144393
0.456000 97.532275
0.457000 96.907893
0.458000 96.271596
0.459000 95.623266
0.460000 94.963137
0.461000 94.291091
0.462000 93.607591
0.463000 92.912523
0.464000 92.206001
0.465000 91.488489
0.466000 90.759870
0.467000 90.020492
0.468000 89.270587
0.469000 88.510269
0.470000 87.739770
0.471000 86.959554
0.472000 86.169619
0.473000 85.370430
0.474000 84.562216
0.475000 83.745210
0.476000 82.919874
0.477000 82.086440
0.478000 81.245254
0.479000 80.396780
0.480000 79.541249
0.481000 78.679008
0.482000 77.810636
0.483000 76.936363
0.484000 76.056537
0.485000 75.171736
0.486000 74.282192
0.487000 73.388483
0.488000 72.490956
0.489000 71.590075
0.490000 70.686185
0.491000 69.779750
0.492000 68.871233
0.493000 67.961096
0.494000 67.049802
0.495000 66.137583
0.496000 65.225016
0.497000 64.312565
0.498000 63.400693
0.499000 62.489631
0.500000 61.579956
0.501000 60.672018
0.502000 59.766277
0.503000 58.863081
0.504000 57.962894
0.505000 57.066061
0.506000 56.172931
0.507000 55.283849
0.508000 54.399280
0.509000 53.519570
0.510000 52.644950
0.511000 51.775883
0.512000 50.912485
0.513000 50.055334
0.514000 49.204431
0.515000 48.360353
0.516000 47.523217
0.517000 46.693253
0.518000 45.870694
0.519000 45.056002
0.520000 44.249061
0.521000 43.450449
0.522000 42.660052
0.523000 41.878100
0.524000 41.104941
0.525000 40.340690
0.526000 39.585346
0.527000 38.839143
0.528000 38.102195
0.529000 37.374617
0.530000 36.656526
0.531000 35.948038
0.532000 35.249152
0.533000 34.559984
0.534000 33.880533
0.535000 33.210917
0.536000 32.551134
0.537000 31.901301
0.538000 31.261301
0.539000 30.631251
0.540000 30.011034
0.541000 29.400767
0.542000 28.800333
0.543000 28.209849
0.544000 27.629083
0.545000 27.058151
0.546000 26.496936
0.547000 25.945440
0.548000 25.403545
0.549000 24.871254
0.550000 24.348448
0.551000 23.835130
0.552000 23.331182
0.553000 22.836374
0.554000 22.350821
0.555000 21.874408
0.556000 21.406902
0.557000 20.948421
0.558000 20.498616
0.559000 20.057604
0.560000 19.625153
0.561000 19.201148
0.562000 18.785588
0.563000 18.378241
0.564000 17.979109
0.565000 17.587960
0.566000 17.204677
0.567000 16.829377
0.568000 16.461597
0.569000 16.101453
0.570000 15.748828
0.571000 15.403492
0.572000 15.065329
0.573000 14.734339
0.574000 14.410290
0.575000 14.093066
0.576000 13.782553
0.577000 13.478750
0.578000 13.181425
0.579000 12.890464
0.580000 12.605750
0.581000 12.327283
0.582000 12.054832
0.583000 11.788281
0.584000 11.527514
0.585000 11.272417
0.586000 11.022988
0.587000 10.778997
0.588000 10.540443
0.589000 10.307096
0.590000 10.078954
0.591000 9.855903
0.592000 9.637711
0.593000 9.424377
0.594000 9.215903
0.595000 9.012056
0.596000 8.812722
0.597000 8.617783
0.598000 8.427357
0.599000 8.241095
0.600000 8.059114
0.601000 7.881182
0.602000 7.707184
0.603000 7.537234
0.604000 7.370987
0.605000 7.208673
0.606000 7.049830
0.607000 6.894689
0.608000 6.743019
0.609000 6.594820
0.610000 6.449975
0.611000 6.308486
0.612000 6.170120
0.613000 6.034878
0.614000 5.902644
0.615000 5.773533
0.616000 5.647315
0.617000 5.523989
0.618000 5.403439
0.619000 5.285551
0.620000 5.170439
0.621000 5.057872
0.622000 4.947966
0.623000 4.840489
0.624000 4.735442
0.625000 4.632709
0.626000 4.532406
0.627000 4.434300
0.628000 4.338508
0.629000 4.244915
0.630000 4.153288
0.631000 4.063859
0.632000 3.976397
0.633000 3.891018
0.634000 3.807489
0.635000 3.725812
0.636000 3.645985
0.637000 3.568010
0.638000 3.491770
0.639000 3.417265
0.640000 3.344380
0.641000 3.273231
0.642000 3.203585
0.643000 3.135559
0.644000 3.069037
0.645000 3.004135
0.646000 2.940505
0.647000 2.878379
0.648000 2.817641
0.649000 2.758292
0.650000 2.700216
0.651000 2.643527
0.652000 2.587996
0.653000 2.533737
0.654000 2.480751
0.655000 2.428806
0.656000 2.378133
0.657000 2.328502
0.658000 2.280028
0.659000 2.232710
0.660000 2.186319
0.661000 2.140968
0.662000 2.096658
0.663000 2.053275
0.664000 2.010932
0.665000 1.969399
0.666000 1.928907
0.667000 1.889225
0.668000 1.850469
0.669000 1.812523
0.670000 1.775386
0.671000 1.739059
0.672000 1.703542
0.673000 1.668835
0.674000 1.634938
0.675000 1.601619
0.676000 1.569110
0.677000 1.537295
0.678000 1.506174
0.679000 1.475748
0.680000 1.446015
0.681000 1.416861
0.682000 1.388401
0.683000 1.360404
0.684000 1.333217
0.685000 1.306493
0.686000 1.280346
0.687000 1.254779
0.688000 1.229674
0.689000 1.205263
0.690000 1.181315
0.691000 1.157830
0.692000 1.134808
0.693000 1.112364
0.694000 1.090383
0.695000 1.068864
0.696000 1.047809
0.697000 1.027216
0.698000 1.006970
0.699000 0.987187
0.700000 0.967866
0.701000 0.948893
0.702000 0.930383
0.703000 0.912219
0.704000 0.894519
0.705000 0.877049
0.706000 0.860043
0.707000 0.843384
0.708000 0.827071
0.709000 0.811106
0.710000 0.795372
0.711000 0.780101
0.712000 0.765061
0.713000 0.750368
0.714000 0.735907
0.715000 0.721909
0.716000 0.708026
0.717000 0.694490
0.718000 0.681301
0.719000 0.668344
0.720000 0.655618
0.721000 0.643123
0.722000 0.630976
0.723000 0.618944
0.724000 0.607259
0.725000 0.595806
0.726000 0.584584
0.727000 0.573593
0.728000 0.562834
0.729000 0.552191
0.730000 0.541894
0.731000 0.531713
0.732000 0.521880
0.733000 0.512046
0.734000 0.502559
0.735000 0.493188
0.736000 0.484049
0.737000 0.475025
0.738000 0.466233
0.739000 0.457672
0.740000 0.449226
0.741000 0.440896
0.742000 0.432798
0.743000 0.424815
0.744000 0.417064
0.745000 0.409429
0.746000 0.401909
0.747000 0.394505
0.748000 0.387332
0.749000 0.380275
0.750000 0.373333
0.751000 0.366623
0.752000 0.359913
0.753000 0.353434
0.754000 0.347071
0.755000 0.340708
0.756000 0.334577
0.757000 0.328561
0.758000 0.322661
0.759000 0.316876
0.760000 0.311207
0.761000 0.305654
0.762000 0.300217
0.763000 0.294779
0.764000 0.289573
0.765000 0.284367
0.766000 0.279392
0.767000 0.274418
0.768000 0.269559
0.769000 0.264700
0.770000 0.260072
0.771000 0.255445
0.772000 0.250933
0.773000 0.246536
0.774000 0.242256
0.775000 0.237975
0.776000 0.233810
0.777000 0.229761
0.778000 0.225712
0.779000 0.221779
0.780000 0.217845
0.781000 0.214143
0.782000 0.210325
0.783000 0.206739
0.784000 0.203152
0.785000 0.199682
0.786000 0.196211
0.787000 0.192856
0.788000 0.189501
0.789000 0.186262
0.790000 0.183022
0.791000 0.179899
0.792000 0.176775
0.793000 0.173767
0.794000 0.170759
0.795000 0.167867
0.796000 0.164975
0.797000 0.162198
0.798000 0.159421
0.799000 0.156761
0.800000 0.154100
0.801000 0.151555
0.802000 0.148894
0.803000 0.146464
0.804000 0.143919
0.805000 0.141489
0.806000 0.139176
0.807000 0.136862
0.808000 0.134548
0.809000 0.132234
0.810000 0.130036
0.811000 0.127954
0.812000 0.125756
0.813000 0.123673
0.814000 0.121591
0.815000 0.119624
0.816000 0.117657
0.817000 0.115690
0.818000 0.113724
0.819000 0.111873
0.820000 0.110022
0.821000 0.108171
0.822000 0.106435
0.823000 0.104700
0.824000 0.102965
0.825000 0.101345
0.826000 0.099609
0.827000 0.097990
0.828000 0.096370
0.829000 0.094866
0.830000 0.093247
0.831000 0.091743
0.832000 0.090354
0.833000 0.088850
0.834000 0.087346
0.835000 0.085958
0.836000 0.084570
0.837000 0.083181
0.838000 0.081909
0.839000 0.080636
0.840000 0.079248
0.841000 0.077975
0.842000 0.076818
0.843000 0.075546
0.844000 0.074389
0.845000 0.073116
0.846000 0.071959
0.847000 0.070803
0.848000 0.069761
0.849000 0.068604
0.850000 0.067563
0.851000 0.066406
0.852000 0.065365
0.853000 0.064324
0.854000 0.063398
0.855000 0.062357
0.856000 0.061432
0.857000 0.060390
0.858000 0.059465
0.859000 0.058539
0.860000 0.057614
0.861000 0.056688
0.862000 0.055878
0.863000 0.054953
0.864000 0.054143
0.865000 0.053333
0.866000 0.052408
0.867000 0.051598
0.868000 0.050788
0.869000 0.050094
0.870000 0.049284
0.871000 0.048474
0.872000 0.047780
0.873000 0.047086
0.874000 0.046276
0.875000 0.045582
0.876000 0.044888
0.877000 0.044194
0.878000 0.043500
0.879000 0.042921
0.880000 0.042227
0.881000 0.041533
0.882000 0.040954
0.883000 0.040376
0.884000 0.039682
0.885000 0.039103
0.886000 0.038525
0.887000 0.037946
0.888000 0.037368
0.889000 0.036790
0.890000 0.036211
0.891000 0.035748
0.892000 0.035170
0.893000 0.034591
0.894000 0.034129
0.895000 0.033666
0.896000 0.033087
0.897000 0.032625
0.898000 0.032162
0.899000 0.031699
0.900000 0.031236
0.901000 0.030774
0.902000 0.030311
0.903000 0.029848
0.904000 0.029385
0.905000 0.028923
0.906000 0.028576
0.907000 0.028113
0.908000 0.027650
0.909000 0.027303
0.910000 0.026840
0.911000 0.026493
0.912000 0.026146
0.913000 0.025683
0.914000 0.025336
0.915000 0.024989
0.916000 0.024642
0.917000 0.024295
0.918000 0.023948
0.919000 0.023601
0.920000 0.023254
0.921000 0.022907
0.922000 0.022560
0.923000 0.022213
0.924000 0.021865
0.925000 0.021634
0.926000 0.021287
0.927000 0.020940
0.928000 0.020709
0.929000 0.020362
0.930000 0.020014
0.931000 0.019783
0.932000 0.019552
0.933000 0.019205
0.934000 0.018973
0.935000 0.018626
0.936000 0.018395
0.937000 0.018163
0.938000 0.017932
0.939000 0.017585
0.940000 0.017354
0.941000 0.017122
0.942000 0.016891
0.943000 0.016659
0.944000 0.016428
0.945000 0.016197
0.946000 0.015965
0.947000 0.015734
0.948000 0.015503
0.949000 0.015271
0.950000 0.015040
0.951000 0.014924
0.952000 0.014693
0.953000 0.014461
0.954000 0.014230
0.955000 0.014114
0.956000 0.013883
0.957000 0.013651
0.958000 0.013536
0.959000 0.013304
0.960000 0.013073
0.961000 0.012957
0.962000 0.012726
0.963000 0.012610
0.964000 0.012379
0.965000 0.012263
0.966000 0.012032
0.967000 0.011916
0.968000 0.011685
0.969000 0.011569
0.970000 0.011453
0.971000 0.011222
0.972000 0.011106
0.973000 0.010991
0.974000 0.010759
0.975000 0.010644
0.976000 0.010528
0.977000 0.010412
0.978000 0.010181
0.979000 0.010065
0.980000 0.009949
0.981000 0.009834
0.982000 0.009718
0.983000 0.009602
0.984000 0.009487
0.985000 0.009255
0.986000 0.009140
0.987000 0.009024
0.988000 0.008908
0.989000 0.008792
0.990000 0.008677
0.991000 0.008561
0.992000 0.008445
0.993000 0.008330
0.994000 0.008214
0.995000 0.008098
0.996000 0.007983
0.997000 0.007867
0.998000 0.007867
0.999000 0.007751
1.000000 0.007636
1.001000 0.007520
1.002000 0.007404
1.003000 0.007288
1.004000 0.007173
1.005000 0.007173
1.006000 0.007057
1.007000 0.006941
1.008000 0.006826
1.009000 0.006710
1.010000 0.006710
1.011000 0.006594
1.012000 0.006479
1.013000 0.006363
1.014000 0.006363
1.015000 0.006247
1.016000 0.006132
1.017000 0.006132
1.018000 0.006016
1.019000 0.005900
1.020000 0.005900
1.021000 0.005785
1.022000 0.005669
1.023000 0.005669
1.024000 0.005553
1.025000 0.005437
1.026000 0.005437
1.027000 0.005322
1.028000 0.005322
1.029000 0.005206
1.030000 0.005090
1.031000 0.005090
1.032000 0.004975
1.033000 0.004975
1.034000 0.004859
1.035000 0.004859
1.036000 0.004743
1.037000 0.004743
1.038000 0.004628
1.039000 0.004628
1.040000 0.004512
1.041000 0.004512
1.042000 0.004396
1.043000 0.004396
1.044000 0.004281
1.045000 0.004281
1.046000 0.004165
1.047000 0.004165
1.048000 0.004049
1.049000 0.004049
1.050000 0.003933
1.051000 0.003933
1.052000 0.003933
1.053000 0.003818
1.054000 0.003818
1.055000 0.003702
1.056000 0.003702
1.057000 0.003702
1.058000 0.003586
1.059000 0.003586
1.060000 0.003471
1.061000 0.003471
1.062000 0.003471
1.063000 0.003355
1.064000 0.003355
1.065000 0.003355
1.066000 0.003239
1.067000 0.003239
1.068000 0.003124
1.069000 0.003124
1.070000 0.003124
1.071000 0.003008
1.072000 0.003008
1.073000 0.003008
1.074000 0.003008
1.075000 0.002892
1.076000 0.002892
1.077000 0.002892
1.078000 0.002777
1.079000 0.002777
1.080000 0.002777
1.081000 0.002661
1.082000 0.002661
1.083000 0.002661
1.084000 0.002661
1.085000 0.002545
1.086000 0.002545
1.087000 0.002545
1.088000 0.002545
1.089000 0.002429
1.090000 0.002429
1.091000 0.002429
1.092000 0.002314
1.093000 0.002314
1.094000 0.002314
1.095000 0.002314
1.096000 0.002314
1.097000 0.002198
1.098000 0.002198
1.099000 0.002198
