1100 64
0.000000 0.000000
0.001000 0.000000
0.002000 0.000000
0.003000 0.000000
0.004000 0.000000
0.005000 0.000000
0.006000 0.000000
0.007000 0.000000
0.008000 0.000000
0.009000 0.000000
0.010000 0.000000
0.011000 0.000000
0.012000 0.000000
0.013000 0.000000
0.014000 0.000000
0.015000 0.000000
0.016000 0.000000
0.017000 0.000000
0.018000 0.000000
0.019000 0.000000
0.020000 0.000000
0.021000 0.000000
0.022000 0.000000
0.023000 0.000000
0.024000 0.000000
0.025000 0.000000
0.026000 0.000000
0.027000 0.000000
0.028000 0.000000
0.029000 0.000000
0.030000 0.000000
0.031000 0.000000
0.032000 0.000000
0.033000 0.000000
0.034000 0.000000
0.035000 0.000000
0.036000 0.000000
0.037000 0.000000
0.038000 0.000000
0.039000 0.000000
0.040000 0.000000
0.041000 0.000000
0.042000 0.000000
0.043000 0.000000
0.044000 0.000000
0.045000 0.000000
0.046000 0.000000
0.047000 0.000000
0.048000 0.000000
0.049000 0.000000
0.050000 0.000000
0.051000 0.000000
0.052000 0.000000
0.053000 0.000000
0.054000 0.000000
0.055000 0.000000
0.056000 0.000000
0.057000 0.000000
0.058000 0.000000
0.059000 0.000000
0.060000 0.000000
0.061000 0.000000
0.062000 0.000000
0.063000 0.000000
0.064000 0.000000
0.065000 0.000000
0.066000 0.000000
0.067000 0.000000
0.068000 0.000000
0.069000 0.000000
0.070000 0.000000
0.071000 0.000000
0.072000 0.000000
0.073000 0.000000
0.074000 0.000000
0.075000 0.000000
0.076000 0.000000
0.077000 0.000000
0.078000 0.000000
0.079000 0.000000
0.080000 0.000000
0.081000 0.000000
0.082000 0.000000
0.083000 0.000000
0.084000 0.000000
0.085000 0.000000
0.086000 0.000000
0.087000 0.000000
0.088000 0.000000
0.089000 0.000000
0.090000 0.000000
0.091000 0.000000
0.092000 0.000000
0.093000 0.000000
0.094000 0.000000
0.095000 0.000000
0.096000 0.000000
0.097000 0.000000
0.098000 0.000000
0.099000 0.000000
0.100000 0.000000
0.101000 0.037567
0.102000 0.150267
0.103000 0.337828
0.104000 0.600250
0.105000 0.936717
0.106000 1.347228
0.107000 1.830694
0.108000 2.386844
0.109000 3.014589
0.110000 3.713111
0.111000 4.481322
0.112000 5.318133
0.113000 6.222728
0.114000 7.193472
0.115000 8.229006
0.116000 9.327967
0.117000 10.488994
0.118000 11.710456
0.119000 12.990717
0.120000 14.327872
0.121000 15.720833
0.122000 17.167150
0.123000 18.665461
0.124000 20.213589
0.125000 21.810172
0.126000 23.452761
0.127000 25.139722
0.128000 26.868878
0.129000 28.638594
0.130000 30.446967
0.131000 32.291544
0.132000 34.170967
0.133000 36.083056
0.134000 38.025633
0.135000 39.997339
0.136000 41.995722
0.137000 44.019150
0.138000 46.065989
0.139000 48.134061
0.140000 50.221733
0.141000 52.327100
0.142000 54.448800
0.143000 56.584928
0.144000 58.733850
0.145000 60.893933
0.146000 63.063544
0.147000 65.241322
0.148000 67.425633
0.149000 69.615389
0.150000 71.808683
0.151000 74.004700
0.152000 76.201806
0.153000 78.398911
0.154000 80.594656
0.155000 82.788222
0.156000 84.978250
0.157000 87.163650
0.158000 89.343606
0.159000 91.516756
0.160000 93.682828
0.161000 95.840461
0.162000 97.988839
0.163000 100.127417
0.164000 102.255378
0.165000 104.371633
0.166000 106.476183
0.167000 108.567939
0.168000 110.646356
0.169000 112.711161
0.170000 114.761539
0.171000 116.796944
0.172000 118.817106
0.173000 120.821750
0.174000 122.810333
0.175000 124.782311
0.176000 126.737683
0.177000 128.676178
0.178000 130.597250
0.179000 132.500628
0.180000 134.386311
0.181000 136.254028
0.182000 138.103778
0.183000 139.935017
0.184000 141.748017
0.185000 143.542506
0.186000 145.318483
0.187000 147.075406
0.188000 148.814089
0.189000 150.533717
0.190000 152.234561
0.191000 153.916622
0.192000 155.579900
0.193000 157.224394
0.194000 158.850378
0.195000 160.457306
0.196000 162.045994
0.197000 163.615900
0.198000 165.167294
0.199000 166.700178
0.200000 168.215094
0.201000 169.711500
0.202000 171.189939
0.203000 172.650139
0.204000 174.092644
0.205000 175.517456
0.206000 176.924572
0.207000 178.314267
0.208000 179.686539
0.209000 181.041933
0.210000 182.379906
0.211000 183.701272
0.212000 185.005761
0.213000 186.293917
0.214000 187.565467
0.215000 188.820683
0.216000 190.060111
0.217000 191.283478
0.218000 192.491056
0.219000 193.683389
0.220000 194.860206
0.221000 196.021778
0.222000 197.168378
0.223000 198.300006
0.224000 199.416933
0.225000 200.519433
0.226000 201.607778
0.227000 202.681694
0.228000 203.742000
0.229000 204.788150
0.230000 205.820961
0.231000 206.840161
0.232000 207.846022
0.233000 208.838817
0.234000 209.818817
0.235000 210.785750
0.236000 211.740433
0.237000 212.682594
0.238000 213.612233
0.239000 214.530167
0.240000 215.435850
0.241000 216.329828
0.242000 217.212372
0.243000 218.083483
0.244000 218.943161
0.245000 219.791678
0.246000 220.629033
0.247000 221.455772
0.248000 222.271894
0.249000 223.077400
0.250000 223.872561
0.251000 224.657378
0.252000 225.432394
0.253000 226.197067
0.254000 226.952211
0.255000 227.697556
0.256000 228.433372
0.257000 229.159933
0.258000 229.877239
0.259000 230.585289
0.260000 231.284356
0.261000 231.974439
0.262000 232.655811
0.263000 233.328744
0.264000 233.992967
0.265000 234.648750
0.266000 235.296367
0.267000 235.936089
0.268000 236.567372
0.269000 237.191033
0.270000 237.806800
0.271000 238.414944
0.272000 239.015467
0.273000 239.608367
0.274000 240.193917
0.275000 240.772389
0.276000 241.343511
0.277000 241.907556
0.278000 242.464794
0.279000 243.014956
0.280000 243.558583
0.281000 244.095406
0.282000 244.625422
0.283000 245.149178
0.284000 245.666400
0.285000 246.177361
0.286000 246.682061
0.287000 247.180500
0.288000 247.672950
0.289000 248.159411
0.290000 248.639883
0.291000 249.114639
0.292000 249.583406
0.293000 250.046728
0.294000 250.504061
0.295000 250.956222
0.296000 251.402667
0.297000 251.843667
0.298000 252.279494
0.299000 252.709878
0.300000 253.135089
0.301000 253.554856
0.302000 253.969722
0.303000 254.379689
0.304000 254.784483
0.305000 255.184378
0.306000 255.579372
0.307000 255.969467
0.308000 256.354661
0.309000 256.735228
0.310000 257.111167
0.311000 257.482478
0.312000 257.848889
0.313000 258.210944
0.314000 258.568372
0.315000 258.921444
0.316000 259.269889
0.317000 259.613978
0.318000 259.953711
0.319000 260.288817
0.320000 260.619839
0.321000 260.946506
0.322000 261.268817
0.323000 261.586772
0.324000 261.900644
0.325000 262.210161
0.326000 262.515594
0.327000 262.816672
0.328000 263.113667
0.329000 263.406578
0.330000 263.695133
0.331000 263.979606
0.332000 264.259994
0.333000 264.536028
0.334000 264.807978
0.335000 265.075844
0.336000 265.339356
0.337000 265.598783
0.338000 265.854128
0.339000 266.105117
0.340000 266.352022
0.341000 266.594572
0.342000 266.833039
0.343000 267.067150
0.344000 267.296906
0.345000 267.522306
0.346000 267.743350
0.347000 267.959767
0.348000 268.172100
0.349000 268.379806
0.350000 268.582883
0.351000 268.781606
0.352000 268.975428
0.353000 269.164622
0.354000 269.349189
0.355000 269.528856
0.356000 269.703622
0.357000 269.873489
0.358000 270.038456
0.359000 270.198250
0.360000 270.352872
0.361000 270.502050
0.362000 270.646056
0.363000 270.784617
0.364000 270.917461
0.365000 271.044589
0.366000 271.166272
0.367000 271.281967
0.368000 271.391672
0.369000 271.495117
0.370000 271.592300
0.371000 271.683494
0.372000 271.767883
0.373000 271.845467
0.374000 271.916517
0.375000 271.980489
0.376000 272.037383
0.377000 272.087200
0.378000 272.129394
0.379000 272.163967
0.380000 272.190644
0.381000 272.209428
0.382000 272.220044
0.383000 272.222222
0.384000 272.215961
0.385000 272.200717
0.386000 272.176489
0.387000 272.143006
0.388000 272.099994
0.389000 272.047456
0.390000 271.984844
0.391000 271.912161
0.392000 271.828861
0.393000 271.734672
0.394000 271.629867
0.395000 271.513628
0.396000 271.385683
0.397000 271.246033
0.398000 271.094133
0.399000 270.929983
0.400000 270.753039
0.401000 270.563028
0.402000 270.359406
0.403000 270.142172
0.404000 269.911056
0.405000 269.665511
0.406000 269.404994
0.407000 269.129506
0.408000 268.838772
0.409000 268.531978
0.410000 268.209122
0.411000 267.869661
0.412000 267.513594
0.413000 267.139833
0.414000 266.748650
0.415000 266.339228
0.416000 265.911567
0.417000 265.464850
0.418000 264.999078
0.419000 264.513433
0.420000 264.008189
0.421000 263.482256
0.422000 262.935361
0.423000 262.367506
0.424000 261.777872
0.425000 261.166461
0.426000 260.532456
0.427000 259.875583
0.428000 259.195844
0.429000 258.492422
0.430000 257.765044
0.431000 257.013439
0.432000 256.237061
0.433000 255.435911
0.434000 254.609172
0.435000 253.757117
0.436000 252.878656
0.437000 251.974333
0.438000 251.043061
0.439000 250.085111
0.440000 249.099667
0.441000 248.087272
0.442000 247.046839
0.443000 245.978639
0.444000 244.882400
0.445000 243.758122
0.446000 242.605261
0.447000 241.423817
0.448000 240.213789
0.449000 238.974906
0.450000 237.707167
0.451000 236.410572
0.452000 235.085122
0.453000 233.731089
0.454000 232.347928
0.455000 230.935911
0.456000 229.495583
0.457000 228.026400
0.458000 226.529178
0.459000 225.003644
0.460000 223.450344
0.461000 221.869006
0.462000 220.260717
0.463000 218.625206
0.464000 216.962744
0.465000 215.274422
0.466000 213.559967
0.467000 211.820194
0.468000 210.055650
0.469000 208.266606
0.470000 206.453606
0.471000 204.617739
0.472000 202.759006
0.473000 200.878494
0.474000 198.976750
0.475000 197.054317
0.476000 195.112283
0.477000 193.151194
0.478000 191.171867
0.479000 189.175389
0.480000 187.162306
0.481000 185.133433
0.482000 183.090133
0.483000 181.032950
0.484000 178.962700
0.485000 176.880744
0.486000 174.787628
0.487000 172.684711
0.488000 170.572811
0.489000 168.453017
0.490000 166.326144
0.491000 164.193283
0.492000 162.055522
0.493000 159.913950
0.494000 157.769656
0.495000 155.623183
0.496000 153.475894
0.497000 151.328878
0.498000 149.183222
0.499000 147.039472
0.500000 144.898989
0.501000 142.762589
0.502000 140.631361
0.503000 138.506122
0.504000 136.387961
0.505000 134.277694
0.506000 132.176139
0.507000 130.084111
0.508000 128.002700
0.509000 125.932722
0.510000 123.874722
0.511000 121.829789
0.512000 119.798194
0.513000 117.781300
0.514000 115.779106
0.515000 113.792972
0.516000 111.823172
0.517000 109.870250
0.518000 107.934750
0.519000 106.017761
0.520000 104.119011
0.521000 102.239861
0.522000 100.380039
0.523000 98.540089
0.524000 96.720828
0.525000 94.922528
0.526000 93.145189
0.527000 91.389356
0.528000 89.655300
0.529000 87.943294
0.530000 86.253611
0.531000 84.586522
0.532000 82.942028
0.533000 81.320400
0.534000 79.721639
0.535000 78.146017
0.536000 76.593533
0.537000 75.064461
0.538000 73.558528
0.539000 72.076006
0.540000 70.616622
0.541000 69.180650
0.542000 67.767817
0.543000 66.378394
0.544000 65.011839
0.545000 63.668422
0.546000 62.347872
0.547000 61.050189
0.548000 59.775100
0.549000 58.522606
0.550000 57.292433
0.551000 56.084583
0.552000 54.898783
0.553000 53.734489
0.554000 52.591972
0.555000 51.470961
0.556000 50.370911
0.557000 49.292094
0.558000 48.233694
0.559000 47.195983
0.560000 46.178417
0.561000 45.180722
0.562000 44.202900
0.563000 43.244406
0.564000 42.305239
0.565000 41.384856
0.566000 40.482983
0.567000 39.599894
0.568000 38.734500
0.569000 37.887072
0.570000 37.057339
0.571000 36.244756
0.572000 35.449050
0.573000 34.670222
0.574000 33.907728
0.575000 33.161294
0.576000 32.430650
0.577000 31.715794
0.578000 31.016183
0.579000 30.331544
0.580000 29.661606
0.581000 29.006367
0.582000 28.365283
0.583000 27.738083
0.584000 27.124494
0.585000 26.524244
0.586000 25.937333
0.587000 25.363217
0.588000 24.801894
0.589000 24.252822
0.590000 23.716000
0.591000 23.191156
0.592000 22.677744
0.593000 22.175767
0.594000 21.685222
0.595000 21.205567
0.596000 20.736528
0.597000 20.277833
0.598000 19.829756
0.599000 19.391478
0.600000 18.963272
0.601000 18.544594
0.602000 18.135172
0.603000 17.735278
0.604000 17.344094
0.605000 16.962167
0.606000 16.588406
0.607000 16.223356
0.608000 15.866472
0.609000 15.517756
0.610000 15.176933
0.611000 14.844006
0.612000 14.518428
0.613000 14.200200
0.614000 13.889050
0.615000 13.585250
0.616000 13.288256
0.617000 12.998067
0.618000 12.714411
0.619000 12.437017
0.620000 12.166156
0.621000 11.901283
0.622000 11.642672
0.623000 11.389778
0.624000 11.142600
0.625000 10.900867
0.626000 10.664850
0.627000 10.434006
0.628000 10.208606
0.629000 9.988378
0.630000 9.772778
0.631000 9.562350
0.632000 9.356550
0.633000 9.155650
0.634000 8.959106
0.635000 8.766917
0.636000 8.579083
0.637000 8.395606
0.638000 8.216211
0.639000 8.040900
0.640000 7.869400
0.641000 7.701983
0.642000 7.538106
0.643000 7.378039
0.644000 7.221511
0.645000 7.068794
0.646000 6.919072
0.647000 6.772889
0.648000 6.629972
0.649000 6.490322
0.650000 6.353667
0.651000 6.220278
0.652000 6.089611
0.653000 5.961939
0.654000 5.837261
0.655000 5.715033
0.656000 5.595800
0.657000 5.479017
0.658000 5.364956
0.659000 5.253617
0.660000 5.144456
0.661000 5.037744
0.662000 4.933483
0.663000 4.831400
0.664000 4.731767
0.665000 4.634039
0.666000 4.538761
0.667000 4.445389
0.668000 4.354194
0.669000 4.264906
0.670000 4.177522
0.671000 4.092044
0.672000 4.008472
0.673000 3.926806
0.674000 3.847044
0.675000 3.768644
0.676000 3.692150
0.677000 3.617289
0.678000 3.544061
0.679000 3.472467
0.680000 3.402506
0.681000 3.333906
0.682000 3.266939
0.683000 3.201061
0.684000 3.137089
0.685000 3.074206
0.686000 3.012683
0.687000 2.952522
0.688000 2.893450
0.689000 2.836011
0.690000 2.779661
0.691000 2.724400
0.692000 2.670228
0.693000 2.617417
0.694000 2.565694
0.695000 2.515061
0.696000 2.465517
0.697000 2.417061
0.698000 2.369422
0.699000 2.322872
0.700000 2.277411
0.701000 2.232767
0.702000 2.189211
0.703000 2.146472
0.704000 2.104822
0.705000 2.063717
0.706000 2.023700
0.707000 1.984500
0.708000 1.946117
0.709000 1.908550
0.710000 1.871528
0.711000 1.835594
0.712000 1.800206
0.713000 1.765633
0.714000 1.731606
0.715000 1.698667
0.716000 1.666000
0.717000 1.634150
0.718000 1.603117
0.719000 1.572628
0.720000 1.542683
0.721000 1.513283
0.722000 1.484700
0.723000 1.456389
0.724000 1.428894
0.725000 1.401944
0.726000 1.375539
0.727000 1.349678
0.728000 1.324361
0.729000 1.299317
0.730000 1.275089
0.731000 1.251133
0.732000 1.227994
0.733000 1.204856
0.734000 1.182533
0.735000 1.160483
0.736000 1.138978
0.737000 1.117744
0.738000 1.097056
0.739000 1.076911
0.740000 1.057039
0.741000 1.037439
0.742000 1.018383
0.743000 0.999600
0.744000 0.981361
0.745000 0.963394
0.746000 0.945700
0.747000 0.928278
0.748000 0.911400
0.749000 0.894794
0.750000 0.878461
0.751000 0.862672
0.752000 0.846883
0.753000 0.831639
0.754000 0.816667
0.755000 0.801694
0.756000 0.787267
0.757000 0.773111
0.758000 0.759228
0.759000 0.745617
0.760000 0.732278
0.761000 0.719211
0.762000 0.706417
0.763000 0.693622
0.764000 0.681372
0.765000 0.669122
0.766000 0.657417
0.767000 0.645711
0.768000 0.634278
0.769000 0.622844
0.770000 0.611956
0.771000 0.601067
0.772000 0.590450
0.773000 0.580106
0.774000 0.570033
0.775000 0.559961
0.776000 0.550161
0.777000 0.540633
0.778000 0.531106
0.779000 0.521850
0.780000 0.512594
0.781000 0.503883
0.782000 0.494900
0.783000 0.486461
0.784000 0.478022
0.785000 0.469856
0.786000 0.461689
0.787000 0.453794
0.788000 0.445900
0.789000 0.438278
0.790000 0.430656
0.791000 0.423306
0.792000 0.415956
0.793000 0.408878
0.794000 0.401800
0.795000 0.394994
0.796000 0.388189
0.797000 0.381656
0.798000 0.375122
0.799000 0.368861
0.800000 0.362600
0.801000 0.356611
0.802000 0.350350
0.803000 0.344633
0.804000 0.338644
0.805000 0.332928
0.806000 0.327483
0.807000 0.322039
0.808000 0.316594
0.809000 0.311150
0.810000 0.305978
0.811000 0.301078
0.812000 0.295906
0.813000 0.291006
0.814000 0.286106
0.815000 0.281478
0.816000 0.276850
0.817000 0.272222
0.818000 0.267594
0.819000 0.263239
0.820000 0.258883
0.821000 0.254528
0.822000 0.250444
0.823000 0.246361
0.824000 0.242278
0.825000 0.238467
0.826000 0.234383
0.827000 0.230572
0.828000 0.226761
0.829000 0.223222
0.830000 0.219411
0.831000 0.215872
0.832000 0.212606
0.833000 0.209067
0.834000 0.205528
0.835000 0.202261
0.836000 0.198994
0.837000 0.195728
0.838000 0.192733
0.839000 0.189739
0.840000 0.186472
0.841000 0.183478
0.842000 0.180756
0.843000 0.177761
0.844000 0.175039
0.845000 0.172044
0.846000 0.169322
0.847000 0.166600
0.848000 0.164150
0.849000 0.161428
0.850000 0.158978
0.851000 0.156256
0.852000 0.153806
0.853000 0.151356
0.854000 0.149178
0.855000 0.146728
0.856000 0.144550
0.857000 0.142100
0.858000 0.139922
0.859000 0.137744
0.860000 0.135567
0.861000 0.133389
0.862000 0.131483
0.863000 0.129306
0.864000 0.127400
0.865000 0.125494
0.866000 0.123317
0.867000 0.121411
0.868000 0.119506
0.869000 0.117872
0.870000 0.115967
0.871000 0.114061
0.872000 0.112428
0.873000 0.110794
0.874000 0.108889
0.875000 0.107256
0.876000 0.105622
0.877000 0.103989
0.878000 0.102356
0.879000 0.100994
0.880000 0.099361
0.881000 0.097728
0.882000 0.096367
0.883000 0.095006
0.884000 0.093372
0.885000 0.092011
0.886000 0.090650
0.887000 0.089289
0.888000 0.087928
0.889000 0.086567
0.890000 0.085206
0.891000 0.084117
0.892000 0.082756
0.893000 0.081394
0.894000 0.080306
0.895000 0.079217
0.896000 0.077856
0.897000 0.076767
0.898000 0.075678
0.899000 0.074589
0.900000 0.073500
0.901000 0.072411
0.902000 0.071322
0.903000 0.070233
0.904000 0.069144
0.905000 0.068056
0.906000 0.067239
0.907000 0.066150
0.908000 0.065061
0.909000 0.064244
0.910000 0.063156
0.911000 0.062339
0.912000 0.061522
0.913000 0.060433
0.914000 0.059617
0.915000 0.058800
0.916000 0.057983
0.917000 0.057167
0.918000 0.056350
0.919000 0.055533
0.920000 0.054717
0.921000 0.053900
0.922000 0.053083
0.923000 0.052267
0.924000 0.051450
0.925000 0.050906
0.926000 0.050089
0.927000 0.049272
0.928000 0.048728
0.929000 0.047911
0.930000 0.047094
0.931000 0.046550
0.932000 0.046006
0.933000 0.045189
0.934000 0.044644
0.935000 0.043828
0.936000 0.043283
0.937000 0.042739
0.938000 0.042194
0.939000 0.041378
0.940000 0.040833
0.941000 0.040289
0.942000 0.039744
0.943000 0.039200
0.944000 0.038656
0.945000 0.038111
0.946000 0.037567
0.947000 0.037022
0.948000 0.036478
0.949000 0.035933
0.950000 0.035389
0.951000 0.035117
0.952000 0.034572
0.953000 0.034028
0.954000 0.033483
0.955000 0.033211
0.956000 0.032667
0.957000 0.032122
0.958000 0.031850
0.959000 0.031306
0.960000 0.030761
0.961000 0.030489
0.962000 0.029944
0.963000 0.029672
0.964000 0.029128
0.965000 0.028856
0.966000 0.028311
0.967000 0.028039
0.968000 0.027494
0.969000 0.027222
0.970000 0.026950
0.971000 0.026406
0.972000 0.026133
0.973000 0.025861
0.974000 0.025317
0.975000 0.025044
0.976000 0.024772
0.977000 0.024500
0.978000 0.023956
0.979000 0.023683
0.980000 0.023411
0.981000 0.023139
0.982000 0.022867
0.983000 0.022594
0.984000 0.022322
0.985000 0.021778
0.986000 0.021506
0.987000 0.021233
0.988000 0.020961
0.989000 0.020689
0.990000 0.020417
0.991000 0.020144
0.992000 0.019872
0.993000 0.019600
0.994000 0.019328
0.995000 0.019056
0.996000 0.018783
0.997000 0.018511
0.998000 0.018511
0.999000 0.018239
1.000000 0.017967
1.001000 0.017694
1.002000 0.017422
1.003000 0.017150
1.004000 0.016878
1.005000 0.016878
1.006000 0.016606
1.007000 0.016333
1.008000 0.016061
1.009000 0.015789
1.010000 0.015789
1.011000 0.015517
1.012000 0.015244
1.013000 0.014972
1.014000 0.014972
1.015000 0.014700
1.016000 0.014428
1.017000 0.014428
1.018000 0.014156
1.019000 0.013883
1.020000 0.013883
1.021000 0.013611
1.022000 0.013339
1.023000 0.013339
1.024000 0.013067
1.025000 0.012794
1.026000 0.012794
1.027000 0.012522
1.028000 0.012522
1.029000 0.012250
1.030000 0.011978
1.031000 0.011978
1.032000 0.011706
1.033000 0.011706
1.034000 0.011433
1.035000 0.011433
1.036000 0.011161
1.037000 0.011161
1.038000 0.010889
1.039000 0.010889
1.040000 0.010617
1.041000 0.010617
1.042000 0.010344
1.043000 0.010344
1.044000 0.010072
1.045000 0.010072
1.046000 0.009800
1.047000 0.009800
1.048000 0.009528
1.049000 0.009528
1.050000 0.009256
1.051000 0.009256
1.052000 0.009256
1.053000 0.008983
1.054000 0.008983
1.055000 0.008711
1.056000 0.008711
1.057000 0.008711
1.058000 0.008439
1.059000 0.008439
1.060000 0.008167
1.061000 0.008167
1.062000 0.008167
1.063000 0.007894
1.064000 0.007894
1.065000 0.007894
1.066000 0.007622
1.067000 0.007622
1.068000 0.007350
1.069000 0.007350
1.070000 0.007350
1.071000 0.007078
1.072000 0.007078
1.073000 0.007078
1.074000 0.007078
1.075000 0.006806
1.076000 0.006806
1.077000 0.006806
1.078000 0.006533
1.079000 0.006533
1.080000 0.006533
1.081000 0.006261
1.082000 0.006261
1.083000 0.006261
1.084000 0.006261
1.085000 0.005989
1.086000 0.005989
1.087000 0.005989
1.088000 0.005989
1.089000 0.005717
1.090000 0.005717
1.091000 0.005717
1.092000 0.005444
1.093000 0.005444
1.094000 0.005444
1.095000 0.005444
1.096000 0.005444
1.097000 0.005172
1.098000 0.005172
1.099000 0.005172
