1100 64
0.000000 0.000000
0.001000 0.000000
0.002000 0.000000
0.003000 0.000000
0.004000 0.000000
0.005000 0.000000
0.006000 0.000000
0.007000 0.000000
0.008000 0.000000
0.009000 0.000000
0.010000 0.000000
0.011000 0.000000
0.012000 0.000000
0.013000 0.000000
0.014000 0.000000
0.015000 0.000000
0.016000 0.000000
0.017000 0.000000
0.018000 0.000000
0.019000 0.000000
0.020000 0.000000
0.021000 0.000000
0.022000 0.000000
0.023000 0.000000
0.024000 0.000000
0.025000 0.000000
0.026000 0.000000
0.027000 0.000000
0.028000 0.000000
0.029000 0.000000
0.030000 0.000000
0.031000 0.000000
0.032000 0.000000
0.033000 0.000000
0.034000 0.000000
0.035000 0.000000
0.036000 0.000000
0.037000 0.000000
0.038000 0.000000
0.039000 0.000000
0.040000 0.000000
0.041000 0.000000
0.042000 0.000000
0.043000 0.000000
0.044000 0.000000
0.045000 0.000000
0.046000 0.000000
0.047000 0.000000
0.048000 0.000000
0.049000 0.000000
0.050000 0.000000
0.051000 0.000000
0.052000 0.000000
0.053000 0.000000
0.054000 0.000000
0.055000 0.000000
0.056000 0.000000
0.057000 0.000000
0.058000 0.000000
0.059000 0.000000
0.060000 0.000000
0.061000 0.000000
0.062000 0.000000
0.063000 0.000000
0.064000 0.000000
0.065000 0.000000
0.066000 0.000000
0.067000 0.000000
0.068000 0.000000
0.069000 0.000000
0.070000 0.000000
0.071000 0.000000
0.072000 0.000000
0.073000 0.000000
0.074000 0.000000
0.075000 0.000000
0.076000 0.000000
0.077000 0.000000
0.078000 0.000000
0.079000 0.000000
0.080000 0.000000
0.081000 0.000000
0.082000 0.000000
0.083000 0.000000
0.084000 0.000000
0.085000 0.000000
0.086000 0.000000
0.087000 0.000000
0.088000 0.000000
0.089000 0.000000
0.090000 0.000000
0.091000 0.000000
0.092000 0.000000
0.093000 0.000000
0.094000 0.000000
0.095000 0.000000
0.096000 0.000000
0.097000 0.000000
0.098000 0.000000
0.099000 0.000000
0.100000 0.000000
0.101000 0.034917
0.102000 0.139669
0.103000 0.314003
0.104000 0.557918
0.105000 0.870655
0.106000 1.252215
0.107000 1.701586
0.108000 2.218514
0.109000 2.801987
0.110000 3.451246
0.111000 4.165279
0.112000 4.943075
0.113000 5.783873
0.114000 6.686157
0.115000 7.648660
0.116000 8.670117
0.117000 9.749264
0.118000 10.884582
0.119000 12.074554
0.120000 13.317407
0.121000 14.612130
0.122000 15.956446
0.123000 17.349090
0.124000 18.788037
0.125000 20.272022
0.126000 21.798768
0.127000 23.366757
0.128000 24.973965
0.129000 26.618874
0.130000 28.299711
0.131000 30.014201
0.132000 31.761078
0.133000 33.538318
0.134000 35.343897
0.135000 37.176549
0.136000 39.033998
0.137000 40.914724
0.138000 42.817211
0.139000 44.739434
0.140000 46.679874
0.141000 48.636761
0.142000 50.608829
0.143000 52.594308
0.144000 54.591678
0.145000 56.599423
0.146000 58.616023
0.147000 60.640215
0.148000 62.670479
0.149000 64.705803
0.150000 66.744416
0.151000 68.785560
0.152000 70.827716
0.153000 72.869872
0.154000 74.910763
0.155000 76.949629
0.156000 78.985207
0.157000 81.016483
0.158000 83.042698
0.159000 85.062588
0.160000 87.075899
0.161000 89.081367
0.162000 91.078231
0.163000 93.065987
0.164000 95.043875
0.165000 97.010883
0.166000 98.967010
0.167000 100.911246
0.168000 102.843084
0.169000 104.762270
0.170000 106.668046
0.171000 108.559906
0.172000 110.437596
0.173000 112.300864
0.174000 114.149204
0.175000 115.982109
0.176000 117.799580
0.177000 119.601363
0.178000 121.386952
0.179000 123.156096
0.180000 124.908792
0.181000 126.644789
0.182000 128.364087
0.183000 130.066178
0.184000 131.751318
0.185000 133.419251
0.186000 135.069979
0.187000 136.702995
0.188000 138.319059
0.189000 139.917411
0.190000 141.498304
0.191000 143.061739
0.192000 144.607715
0.193000 146.136233
0.194000 147.647544
0.195000 149.141144
0.196000 150.617792
0.197000 152.076981
0.198000 153.518964
0.199000 154.943742
0.200000 156.351820
0.201000 157.742692
0.202000 159.116865
0.203000 160.474085
0.204000 161.814859
0.205000 163.139186
0.206000 164.447066
0.207000 165.738753
0.208000 167.014247
0.209000 168.274053
0.210000 169.517665
0.211000 170.745843
0.212000 171.958334
0.213000 173.155643
0.214000 174.337518
0.215000 175.504211
0.216000 176.656229
0.217000 177.793318
0.218000 178.915732
0.219000 180.023977
0.220000 181.117799
0.221000 182.197452
0.222000 183.263189
0.223000 184.315009
0.224000 185.353166
0.225000 186.377913
0.226000 187.389503
0.227000 188.387682
0.228000 189.373210
0.229000 190.345581
0.230000 191.305554
0.231000 192.252875
0.232000 193.187799
0.233000 194.110577
0.234000 195.021463
0.235000 195.920204
0.236000 196.807558
0.237000 197.683274
0.238000 198.547351
0.239000 199.400547
0.240000 200.242358
0.241000 201.073288
0.242000 201.893592
0.243000 202.703268
0.244000 203.502318
0.245000 204.290993
0.246000 205.069295
0.247000 205.837729
0.248000 206.596294
0.249000 207.344992
0.250000 208.084075
0.251000 208.813543
0.252000 209.533902
0.253000 210.244646
0.254000 210.946534
0.255000 211.639314
0.256000 212.323237
0.257000 212.998558
0.258000 213.665276
0.259000 214.323391
0.260000 214.973157
0.261000 215.614572
0.262000 216.247891
0.263000 216.873366
0.264000 217.490744
0.265000 218.100279
0.266000 218.702223
0.267000 219.296829
0.268000 219.883591
0.269000 220.463269
0.270000 221.035609
0.271000 221.600865
0.272000 222.159035
0.273000 222.710121
0.274000 223.254376
0.275000 223.792052
0.276000 224.322896
0.277000 224.847161
0.278000 225.365101
0.279000 225.876463
0.280000 226.381751
0.281000 226.880714
0.282000 227.373352
0.283000 227.860170
0.284000 228.340915
0.285000 228.815841
0.286000 229.284948
0.287000 229.748234
0.288000 230.205955
0.289000 230.658108
0.290000 231.104696
0.291000 231.545969
0.292000 231.981676
0.293000 232.412323
0.294000 232.837403
0.295000 233.257676
0.296000 233.672635
0.297000 234.082534
0.298000 234.487625
0.299000 234.887656
0.300000 235.282879
0.301000 235.673042
0.302000 236.058651
0.303000 236.439705
0.304000 236.815951
0.305000 237.187643
0.306000 237.554781
0.307000 237.917364
0.308000 238.275393
0.309000 238.629120
0.310000 238.978546
0.311000 239.323671
0.312000 239.664241
0.313000 240.000763
0.314000 240.332983
0.315000 240.661155
0.316000 240.985026
0.317000 241.304848
0.318000 241.620622
0.319000 241.932094
0.320000 242.239771
0.321000 242.543400
0.322000 242.842980
0.323000 243.138512
0.324000 243.430249
0.325000 243.717937
0.326000 244.001830
0.327000 244.281674
0.328000 244.557723
0.329000 244.829977
0.330000 245.098183
0.331000 245.362592
0.332000 245.623207
0.333000 245.879773
0.334000 246.132544
0.335000 246.381520
0.336000 246.626447
0.337000 246.867579
0.338000 247.104915
0.339000 247.338203
0.340000 247.567696
0.341000 247.793140
0.342000 248.014789
0.343000 248.232390
0.344000 248.445942
0.345000 248.655446
0.346000 248.860901
0.347000 249.062055
0.348000 249.259414
0.349000 249.452471
0.350000 249.641227
0.351000 249.825934
0.352000 250.006087
0.353000 250.181939
0.354000 250.353489
0.355000 250.520485
0.356000 250.682926
0.357000 250.840813
0.358000 250.994145
0.359000 251.142671
0.360000 251.286388
0.361000 251.425045
0.362000 251.558895
0.363000 251.687684
0.364000 251.811160
0.365000 251.929322
0.366000 252.042424
0.367000 252.149959
0.368000 252.251927
0.369000 252.348076
0.370000 252.438406
0.371000 252.523169
0.372000 252.601606
0.373000 252.673718
0.374000 252.739757
0.375000 252.799218
0.376000 252.852100
0.377000 252.898403
0.378000 252.937622
0.379000 252.969756
0.380000 252.994552
0.381000 253.012011
0.382000 253.021879
0.383000 253.023903
0.384000 253.018084
0.385000 253.003914
0.386000 252.981395
0.387000 252.950273
0.388000 252.910296
0.389000 252.861462
0.390000 252.803266
0.391000 252.735709
0.392000 252.658284
0.393000 252.570737
0.394000 252.473323
0.395000 252.365282
0.396000 252.246361
0.397000 252.116560
0.398000 251.975372
0.399000 251.822799
0.400000 251.658333
0.401000 251.481723
0.402000 251.292461
0.403000 251.090548
0.404000 250.875730
0.405000 250.647503
0.406000 250.405359
0.407000 250.149299
0.408000 249.879069
0.409000 249.593911
0.410000 249.293825
0.411000 248.978304
0.412000 248.647349
0.413000 248.299947
0.414000 247.936352
0.415000 247.555804
0.416000 247.158303
0.417000 246.743091
0.418000 246.310167
0.419000 245.858772
0.420000 245.389160
0.421000 244.900318
0.422000 244.391993
0.423000 243.864185
0.424000 243.316135
0.425000 242.747843
0.426000 242.158551
0.427000 241.548004
0.428000 240.916203
0.429000 240.262390
0.430000 239.586310
0.431000 238.887711
0.432000 238.166087
0.433000 237.421437
0.434000 236.653004
0.435000 235.861039
0.436000 235.044531
0.437000 234.203985
0.438000 233.338391
0.439000 232.447999
0.440000 231.532053
0.441000 230.591057
0.442000 229.624000
0.443000 228.631134
0.444000 227.612207
0.445000 226.567218
0.446000 225.495662
0.447000 224.397538
0.448000 223.272847
0.449000 222.121335
0.450000 220.943003
0.451000 219.737850
0.452000 218.505876
0.453000 217.247335
0.454000 215.961721
0.455000 214.649286
0.456000 213.310537
0.457000 211.944967
0.458000 210.553335
0.459000 209.135389
0.460000 207.691635
0.461000 206.221819
0.462000 204.726954
0.463000 203.206786
0.464000 201.661569
0.465000 200.092315
0.466000 198.498770
0.467000 196.881694
0.468000 195.241594
0.469000 193.578720
0.470000 191.893581
0.471000 190.187188
0.472000 188.459541
0.473000 186.711652
0.474000 184.944027
0.475000 183.157172
0.476000 181.352099
0.477000 179.529315
0.478000 177.689578
0.479000 175.833901
0.480000 173.962789
0.481000 172.077002
0.482000 170.177805
0.483000 168.265703
0.484000 166.341456
0.485000 164.406330
0.486000 162.460829
0.487000 160.506219
0.488000 158.543260
0.489000 156.572962
0.490000 154.596087
0.491000 152.613644
0.492000 150.626648
0.493000 148.636109
0.494000 146.643039
0.495000 144.647946
0.496000 142.652093
0.497000 140.656494
0.498000 138.662159
0.499000 136.669596
0.500000 134.680069
0.501000 132.694338
0.502000 130.713414
0.503000 128.738056
0.504000 126.769277
0.505000 124.807836
0.506000 122.854491
0.507000 120.910002
0.508000 118.975382
0.509000 117.051388
0.510000 115.138527
0.511000 113.237812
0.512000 111.349494
0.513000 109.474840
0.514000 107.613849
0.515000 105.767787
0.516000 103.936906
0.517000 102.121712
0.518000 100.322713
0.519000 98.540918
0.520000 96.776076
0.521000 95.029452
0.522000 93.300793
0.523000 91.590605
0.524000 89.899646
0.525000 88.228170
0.526000 86.576177
0.527000 84.944173
0.528000 83.332410
0.529000 81.741143
0.530000 80.170624
0.531000 78.621105
0.532000 77.092588
0.533000 75.585325
0.534000 74.099315
0.535000 72.634813
0.536000 71.191818
0.537000 69.770582
0.538000 68.370854
0.539000 66.992886
0.540000 65.636425
0.541000 64.301724
0.542000 62.988530
0.543000 61.697096
0.544000 60.426916
0.545000 59.178243
0.546000 57.950824
0.547000 56.744659
0.548000 55.559495
0.549000 54.395332
0.550000 53.251917
0.551000 52.129250
0.552000 51.027078
0.553000 49.944894
0.554000 48.882953
0.555000 47.841001
0.556000 46.818531
0.557000 45.815797
0.558000 44.832040
0.559000 43.867513
0.560000 42.921710
0.561000 41.994377
0.562000 41.085515
0.563000 40.194618
0.564000 39.321686
0.565000 38.466212
0.566000 37.627944
0.567000 36.807134
0.568000 36.002771
0.569000 35.215108
0.570000 34.443891
0.571000 33.688615
0.572000 32.949026
0.573000 32.225124
0.574000 31.516404
0.575000 30.822613
0.576000 30.143497
0.577000 29.479056
0.578000 28.828784
0.579000 28.192429
0.580000 27.569738
0.581000 26.960709
0.582000 26.364838
0.583000 25.781871
0.584000 25.211555
0.585000 24.653637
0.586000 24.108118
0.587000 23.574490
0.588000 23.052755
0.589000 22.542406
0.590000 22.043442
0.591000 21.555612
0.592000 21.078409
0.593000 20.611833
0.594000 20.155884
0.595000 19.710056
0.596000 19.274096
0.597000 18.847751
0.598000 18.431273
0.599000 18.023905
0.600000 17.625898
0.601000 17.236747
0.602000 16.856199
0.603000 16.484507
0.604000 16.120912
0.605000 15.765919
0.606000 15.418518
0.607000 15.079213
0.608000 14.747498
0.609000 14.423375
0.610000 14.106589
0.611000 13.797140
0.612000 13.494524
0.613000 13.198739
0.614000 12.909533
0.615000 12.627158
0.616000 12.351109
0.617000 12.081385
0.618000 11.817734
0.619000 11.559903
0.620000 11.308144
0.621000 11.061952
0.622000 10.821579
0.623000 10.586520
0.624000 10.356774
0.625000 10.132089
0.626000 9.912717
0.627000 9.698153
0.628000 9.488649
0.629000 9.283953
0.630000 9.083558
0.631000 8.887971
0.632000 8.696685
0.633000 8.509953
0.634000 8.327270
0.635000 8.148635
0.636000 7.974048
0.637000 7.803510
0.638000 7.636767
0.639000 7.473820
0.640000 7.314415
0.641000 7.158805
0.642000 7.006485
0.643000 6.857707
0.644000 6.712218
0.645000 6.570272
0.646000 6.431109
0.647000 6.295235
0.648000 6.162397
0.649000 6.032596
0.650000 5.905578
0.651000 5.781596
0.652000 5.660145
0.653000 5.541477
0.654000 5.425592
0.655000 5.311984
0.656000 5.201159
0.657000 5.092612
0.658000 4.986595
0.659000 4.883108
0.660000 4.781646
0.661000 4.682460
0.662000 4.585552
0.663000 4.490668
0.664000 4.398061
0.665000 4.307226
0.666000 4.218668
0.667000 4.131880
0.668000 4.047117
0.669000 3.964125
0.670000 3.882905
0.671000 3.803455
0.672000 3.725777
0.673000 3.649870
0.674000 3.575734
0.675000 3.502863
0.676000 3.431763
0.677000 3.362182
0.678000 3.294118
0.679000 3.227573
0.680000 3.162546
0.681000 3.098784
0.682000 3.036540
0.683000 2.975308
0.684000 2.915847
0.685000 2.857399
0.686000 2.800216
0.687000 2.744297
0.688000 2.689391
0.689000 2.636003
0.690000 2.583627
0.691000 2.532263
0.692000 2.481911
0.693000 2.432825
0.694000 2.384750
0.695000 2.337688
0.696000 2.291637
0.697000 2.246599
0.698000 2.202320
0.699000 2.159053
0.700000 2.116798
0.701000 2.075302
0.702000 2.034818
0.703000 1.995093
0.704000 1.956381
0.705000 1.918174
0.706000 1.880980
0.707000 1.844544
0.708000 1.808868
0.709000 1.773951
0.710000 1.739539
0.711000 1.706140
0.712000 1.673247
0.713000 1.641113
0.714000 1.609485
0.715000 1.578869
0.716000 1.548506
0.717000 1.518902
0.718000 1.490058
0.719000 1.461719
0.720000 1.433886
0.721000 1.406560
0.722000 1.379992
0.723000 1.353678
0.724000 1.328122
0.725000 1.303073
0.726000 1.278530
0.727000 1.254493
0.728000 1.230961
0.729000 1.207683
0.730000 1.185164
0.731000 1.162898
0.732000 1.141391
0.733000 1.119884
0.734000 1.099136
0.735000 1.078641
0.736000 1.058652
0.737000 1.038916
0.738000 1.019686
0.739000 1.000963
0.740000 0.982492
0.741000 0.964274
0.742000 0.946562
0.743000 0.929104
0.744000 0.912151
0.745000 0.895452
0.746000 0.879005
0.747000 0.862812
0.748000 0.847124
0.749000 0.831690
0.750000 0.816508
0.751000 0.801833
0.752000 0.787157
0.753000 0.772988
0.754000 0.759072
0.755000 0.745155
0.756000 0.731745
0.757000 0.718588
0.758000 0.705684
0.759000 0.693032
0.760000 0.680634
0.761000 0.668489
0.762000 0.656597
0.763000 0.644705
0.764000 0.633319
0.765000 0.621933
0.766000 0.611053
0.767000 0.600173
0.768000 0.589546
0.769000 0.578919
0.770000 0.568798
0.771000 0.558677
0.772000 0.548809
0.773000 0.539194
0.774000 0.529832
0.775000 0.520470
0.776000 0.511361
0.777000 0.502505
0.778000 0.493650
0.779000 0.485047
0.780000 0.476444
0.781000 0.468347
0.782000 0.459997
0.783000 0.452154
0.784000 0.444310
0.785000 0.436719
0.786000 0.429129
0.787000 0.421791
0.788000 0.414453
0.789000 0.407368
0.790000 0.400284
0.791000 0.393452
0.792000 0.386621
0.793000 0.380042
0.794000 0.373463
0.795000 0.367138
0.796000 0.360812
0.797000 0.354740
0.798000 0.348667
0.799000 0.342847
0.800000 0.337028
0.801000 0.331461
0.802000 0.325642
0.803000 0.320328
0.804000 0.314762
0.805000 0.309448
0.806000 0.304388
0.807000 0.299327
0.808000 0.294267
0.809000 0.289206
0.810000 0.284399
0.811000 0.279844
0.812000 0.275037
0.813000 0.270483
0.814000 0.265928
0.815000 0.261627
0.816000 0.257325
0.817000 0.253024
0.818000 0.248722
0.819000 0.244674
0.820000 0.240626
0.821000 0.236577
0.822000 0.232782
0.823000 0.228987
0.824000 0.225191
0.825000 0.221649
0.826000 0.217854
0.827000 0.214311
0.828000 0.210769
0.829000 0.207480
0.830000 0.203937
0.831000 0.200648
0.832000 0.197612
0.833000 0.194322
0.834000 0.191033
0.835000 0.187997
0.836000 0.184960
0.837000 0.181924
0.838000 0.179141
0.839000 0.176358
0.840000 0.173321
0.841000 0.170538
0.842000 0.168008
0.843000 0.165225
0.844000 0.162694
0.845000 0.159911
0.846000 0.157381
0.847000 0.154851
0.848000 0.152573
0.849000 0.150043
0.850000 0.147766
0.851000 0.145236
0.852000 0.142959
0.853000 0.140681
0.854000 0.138657
0.855000 0.136380
0.856000 0.134356
0.857000 0.132078
0.858000 0.130054
0.859000 0.128030
0.860000 0.126006
0.861000 0.123982
0.862000 0.122211
0.863000 0.120186
0.864000 0.118415
0.865000 0.116644
0.866000 0.114620
0.867000 0.112849
0.868000 0.111077
0.869000 0.109559
0.870000 0.107788
0.871000 0.106017
0.872000 0.104499
0.873000 0.102981
0.874000 0.101210
0.875000 0.099691
0.876000 0.098173
0.877000 0.096655
0.878000 0.095137
0.879000 0.093872
0.880000 0.092354
0.881000 0.090836
0.882000 0.089570
0.883000 0.088305
0.884000 0.086787
0.885000 0.085522
0.886000 0.084257
0.887000 0.082992
0.888000 0.081727
0.889000 0.080462
0.890000 0.079196
0.891000 0.078184
0.892000 0.076919
0.893000 0.075654
0.894000 0.074642
0.895000 0.073630
0.896000 0.072365
0.897000 0.071353
0.898000 0.070341
0.899000 0.069329
0.900000 0.068316
0.901000 0.067304
0.902000 0.066292
0.903000 0.065280
0.904000 0.064268
0.905000 0.063256
0.906000 0.062497
0.907000 0.061485
0.908000 0.060473
0.909000 0.059714
0.910000 0.058702
0.911000 0.057942
0.912000 0.057183
0.913000 0.056171
0.914000 0.055412
0.915000 0.054653
0.916000 0.053894
0.917000 0.053135
0.918000 0.052376
0.919000 0.051617
0.920000 0.050858
0.921000 0.050099
0.922000 0.049340
0.923000 0.048581
0.924000 0.047822
0.925000 0.047315
0.926000 0.046556
0.927000 0.045797
0.928000 0.045291
0.929000 0.044532
0.930000 0.043773
0.931000 0.043267
0.932000 0.042761
0.933000 0.042002
0.934000 0.041496
0.935000 0.040737
0.936000 0.040231
0.937000 0.039725
0.938000 0.039219
0.939000 0.038460
0.940000 0.037954
0.941000 0.037448
0.942000 0.036941
0.943000 0.036435
0.944000 0.035929
0.945000 0.035423
0.946000 0.034917
0.947000 0.034411
0.948000 0.033905
0.949000 0.033399
0.950000 0.032893
0.951000 0.032640
0.952000 0.032134
0.953000 0.031628
0.954000 0.031122
0.955000 0.030869
0.956000 0.030363
0.957000 0.029857
0.958000 0.029604
0.959000 0.029098
0.960000 0.028592
0.961000 0.028339
0.962000 0.027833
0.963000 0.027580
0.964000 0.027074
0.965000 0.026821
0.966000 0.026314
0.967000 0.026061
0.968000 0.025555
0.969000 0.025302
0.970000 0.025049
0.971000 0.024543
0.972000 0.024290
0.973000 0.024037
0.974000 0.023531
0.975000 0.023278
0.976000 0.023025
0.977000 0.022772
0.978000 0.022266
0.979000 0.022013
0.980000 0.021760
0.981000 0.021507
0.982000 0.021254
0.983000 0.021001
0.984000 0.020748
0.985000 0.020242
0.986000 0.019989
0.987000 0.019736
0.988000 0.019483
0.989000 0.019230
0.990000 0.018977
0.991000 0.018724
0.992000 0.018471
0.993000 0.018218
0.994000 0.017965
0.995000 0.017712
0.996000 0.017459
0.997000 0.017206
0.998000 0.017206
0.999000 0.016953
1.000000 0.016700
1.001000 0.016447
1.002000 0.016194
1.003000 0.015941
1.004000 0.015687
1.005000 0.015687
1.006000 0.015434
1.007000 0.015181
1.008000 0.014928
1.009000 0.014675
1.010000 0.014675
1.011000 0.014422
1.012000 0.014169
1.013000 0.013916
1.014000 0.013916
1.015000 0.013663
1.016000 0.013410
1.017000 0.013410
1.018000 0.013157
1.019000 0.012904
1.020000 0.012904
1.021000 0.012651
1.022000 0.012398
1.023000 0.012398
1.024000 0.012145
1.025000 0.011892
1.026000 0.011892
1.027000 0.011639
1.028000 0.011639
1.029000 0.011386
1.030000 0.011133
1.031000 0.011133
1.032000 0.010880
1.033000 0.010880
1.034000 0.010627
1.035000 0.010627
1.036000 0.010374
1.037000 0.010374
1.038000 0.010121
1.039000 0.010121
1.040000 0.009868
1.041000 0.009868
1.042000 0.009615
1.043000 0.009615
1.044000 0.009362
1.045000 0.009362
1.046000 0.009109
1.047000 0.009109
1.048000 0.008856
1.049000 0.008856
1.050000 0.008603
1.051000 0.008603
1.052000 0.008603
1.053000 0.008350
1.054000 0.008350
1.055000 0.008097
1.056000 0.008097
1.057000 0.008097
1.058000 0.007844
1.059000 0.007844
1.060000 0.007591
1.061000 0.007591
1.062000 0.007591
1.063000 0.007338
1.064000 0.007338
1.065000 0.007338
1.066000 0.007085
1.067000 0.007085
1.068000 0.006832
1.069000 0.006832
1.070000 0.006832
1.071000 0.006579
1.072000 0.006579
1.073000 0.006579
1.074000 0.006579
1.075000 0.006326
1.076000 0.006326
1.077000 0.006326
1.078000 0.006073
1.079000 0.006073
1.080000 0.006073
1.081000 0.005820
1.082000 0.005820
1.083000 0.005820
1.084000 0.005820
1.085000 0.005567
1.086000 0.005567
1.087000 0.005567
1.088000 0.005567
1.089000 0.005314
1.090000 0.005314
1.091000 0.005314
1.092000 0.005060
1.093000 0.005060
1.094000 0.005060
1.095000 0.005060
1.096000 0.005060
1.097000 0.004807
1.098000 0.004807
1.099000 0.004807
