1100 64
0.000000 0.000000
0.001000 0.000000
0.002000 0.000000
0.003000 0.000000
0.004000 0.000000
0.005000 0.000000
0.006000 0.000000
0.007000 0.000000
0.008000 0.000000
0.009000 0.000000
0.010000 0.000000
0.011000 0.000000
0.012000 0.000000
0.013000 0.000000
0.014000 0.000000
0.015000 0.000000
0.016000 0.000000
0.017000 0.000000
0.018000 0.000000
0.019000 0.000000
0.020000 0.000000
0.021000 0.000000
0.022000 0.000000
0.023000 0.000000
0.024000 0.000000
0.025000 0.000000
0.026000 0.000000
0.027000 0.000000
0.028000 0.000000
0.029000 0.000000
0.030000 0.000000
0.031000 0.000000
0.032000 0.000000
0.033000 0.000000
0.034000 0.000000
0.035000 0.000000
0.036000 0.000000
0.037000 0.000000
0.038000 0.000000
0.039000 0.000000
0.040000 0.000000
0.041000 0.000000
0.042000 0.000000
0.043000 0.000000
0.044000 0.000000
0.045000 0.000000
0.046000 0.000000
0.047000 0.000000
0.048000 0.000000
0.049000 0.000000
0.050000 0.000000
0.051000 0.000000
0.052000 0.000000
0.053000 0.000000
0.054000 0.000000
0.055000 0.000000
0.056000 0.000000
0.057000 0.000000
0.058000 0.000000
0.059000 0.000000
0.060000 0.000000
0.061000 0.000000
0.062000 0.000000
0.063000 0.000000
0.064000 0.000000
0.065000 0.000000
0.066000 0.000000
0.067000 0.000000
0.068000 0.000000
0.069000 0.000000
0.070000 0.000000
0.071000 0.000000
0.072000 0.000000
0.073000 0.000000
0.074000 0.000000
0.075000 0.000000
0.076000 0.000000
0.077000 0.000000
0.078000 0.000000
0.079000 0.000000
0.080000 0.000000
0.081000 0.000000
0.082000 0.000000
0.083000 0.000000
0.084000 0.000000
0.085000 0.000000
0.086000 0.000000
0.087000 0.000000
0.088000 0.000000
0.089000 0.000000
0.090000 0.000000
0.091000 0.000000
0.092000 0.000000
0.093000 0.000000
0.094000 0.000000
0.095000 0.000000
0.096000 0.000000
0.097000 0.000000
0.098000 0.000000
0.099000 0.000000
0.100000 0.000000
0.101000 0.015363
0.102000 0.061450
0.103000 0.138152
0.104000 0.245467
0.105000 0.383062
0.106000 0.550936
0.107000 0.748646
0.108000 0.976078
0.109000 1.232789
0.110000 1.518443
0.111000 1.832596
0.112000 2.174802
0.113000 2.544728
0.114000 2.941705
0.115000 3.365176
0.116000 3.814586
0.117000 4.289378
0.118000 4.788883
0.119000 5.312435
0.120000 5.859252
0.121000 6.428891
0.122000 7.020349
0.123000 7.633069
0.124000 8.266162
0.125000 8.919070
0.126000 9.590792
0.127000 10.280659
0.128000 10.987781
0.129000 11.711491
0.130000 12.451008
0.131000 13.205331
0.132000 13.973904
0.133000 14.755835
0.134000 15.550234
0.135000 16.356545
0.136000 17.173766
0.137000 18.001228
0.138000 18.838264
0.139000 19.683983
0.140000 20.537718
0.141000 21.398688
0.142000 22.266338
0.143000 23.139888
0.144000 24.018670
0.145000 24.902016
0.146000 25.789259
0.147000 26.679841
0.148000 27.573095
0.149000 28.468575
0.150000 29.365503
0.151000 30.263544
0.152000 31.162030
0.153000 32.060516
0.154000 32.958446
0.155000 33.855485
0.156000 34.751077
0.157000 35.644776
0.158000 36.536249
0.159000 37.424939
0.160000 38.310734
0.161000 39.193078
0.162000 40.071638
0.163000 40.946189
0.164000 41.816400
0.165000 42.681823
0.166000 43.542459
0.167000 44.397864
0.168000 45.247813
0.169000 46.092196
0.170000 46.930680
0.171000 47.763040
0.172000 48.589166
0.173000 49.408947
0.174000 50.222160
0.175000 51.028583
0.176000 51.828214
0.177000 52.620944
0.178000 53.406549
0.179000 54.184918
0.180000 54.956050
0.181000 55.719836
0.182000 56.476274
0.183000 57.225143
0.184000 57.966552
0.185000 58.700392
0.186000 59.426662
0.187000 60.145139
0.188000 60.856158
0.189000 61.559384
0.190000 62.254929
0.191000 62.942792
0.192000 63.622974
0.193000 64.295475
0.194000 64.960406
0.195000 65.617545
0.196000 66.267224
0.197000 66.909223
0.198000 67.543651
0.199000 68.170510
0.200000 68.790021
0.201000 69.401963
0.202000 70.006557
0.203000 70.603692
0.204000 71.193592
0.205000 71.776255
0.206000 72.351682
0.207000 72.919985
0.208000 73.481163
0.209000 74.035440
0.210000 74.582591
0.211000 75.122952
0.212000 75.656411
0.213000 76.183190
0.214000 76.703179
0.215000 77.216488
0.216000 77.723341
0.217000 78.223625
0.218000 78.717453
0.219000 79.205047
0.220000 79.686295
0.221000 80.161310
0.222000 80.630201
0.223000 81.092970
0.224000 81.549727
0.225000 82.000585
0.226000 82.445653
0.227000 82.884822
0.228000 83.318424
0.229000 83.746237
0.230000 84.168596
0.231000 84.585388
0.232000 84.996726
0.233000 85.402720
0.234000 85.803482
0.235000 86.198901
0.236000 86.589310
0.237000 86.974598
0.238000 87.354765
0.239000 87.730146
0.240000 88.100517
0.241000 88.466101
0.242000 88.827009
0.243000 89.183242
0.244000 89.534799
0.245000 89.881792
0.246000 90.224221
0.247000 90.562309
0.248000 90.896054
0.249000 91.225458
0.250000 91.550632
0.251000 91.871576
0.252000 92.188512
0.253000 92.501218
0.254000 92.810027
0.255000 93.114829
0.256000 93.415734
0.257000 93.712855
0.258000 94.006190
0.259000 94.295741
0.260000 94.581618
0.261000 94.863821
0.262000 95.142462
0.263000 95.417652
0.264000 95.689279
0.265000 95.957456
0.266000 96.222293
0.267000 96.483901
0.268000 96.742059
0.269000 96.997099
0.270000 97.248912
0.271000 97.497607
0.272000 97.743185
0.273000 97.985646
0.274000 98.225101
0.275000 98.461662
0.276000 98.695217
0.277000 98.925878
0.278000 99.153756
0.279000 99.378739
0.280000 99.601051
0.281000 99.820579
0.282000 100.037325
0.283000 100.251510
0.284000 100.463023
0.285000 100.671976
0.286000 100.878368
0.287000 101.082200
0.288000 101.283583
0.289000 101.482517
0.290000 101.679002
0.291000 101.873149
0.292000 102.064847
0.293000 102.254318
0.294000 102.441340
0.295000 102.626247
0.296000 102.808817
0.297000 102.989160
0.298000 103.167387
0.299000 103.343389
0.300000 103.517275
0.301000 103.688935
0.302000 103.858591
0.303000 104.026243
0.304000 104.191780
0.305000 104.355313
0.306000 104.516842
0.307000 104.676368
0.308000 104.833889
0.309000 104.989519
0.310000 105.143255
0.311000 105.295100
0.312000 105.444940
0.313000 105.593000
0.314000 105.739166
0.315000 105.883552
0.316000 106.026045
0.317000 106.166757
0.318000 106.305688
0.319000 106.442726
0.320000 106.578095
0.321000 106.711682
0.322000 106.843488
0.323000 106.973513
0.324000 107.101869
0.325000 107.228443
0.326000 107.353347
0.327000 107.476470
0.328000 107.597923
0.329000 107.717706
0.330000 107.835708
0.331000 107.952041
0.332000 108.066703
0.333000 108.179584
0.334000 108.290796
0.335000 108.400337
0.336000 108.508098
0.337000 108.614189
0.338000 108.718609
0.339000 108.821249
0.340000 108.922219
0.341000 109.021407
0.342000 109.118926
0.343000 109.214664
0.344000 109.308620
0.345000 109.400795
0.346000 109.491189
0.347000 109.579691
0.348000 109.666523
0.349000 109.751462
0.350000 109.834509
0.351000 109.915774
0.352000 109.995036
0.353000 110.072406
0.354000 110.147882
0.355000 110.221356
0.356000 110.292825
0.357000 110.362290
0.358000 110.429752
0.359000 110.495098
0.360000 110.558330
0.361000 110.619334
0.362000 110.678224
0.363000 110.734888
0.364000 110.789213
0.365000 110.841201
0.366000 110.890962
0.367000 110.938274
0.368000 110.983137
0.369000 111.025440
0.370000 111.065182
0.371000 111.102475
0.372000 111.136985
0.373000 111.168712
0.374000 111.197768
0.375000 111.223929
0.376000 111.247195
0.377000 111.267567
0.378000 111.284822
0.379000 111.298960
0.380000 111.309870
0.381000 111.317551
0.382000 111.321893
0.383000 111.322783
0.384000 111.320223
0.385000 111.313989
0.386000 111.304081
0.387000 111.290388
0.388000 111.272799
0.389000 111.251314
0.390000 111.225710
0.391000 111.195987
0.392000 111.161922
0.393000 111.123404
0.394000 111.080545
0.395000 111.033010
0.396000 110.980688
0.397000 110.923580
0.398000 110.861462
0.399000 110.794334
0.400000 110.721974
0.401000 110.644271
0.402000 110.561001
0.403000 110.472166
0.404000 110.377653
0.405000 110.277240
0.406000 110.170704
0.407000 110.058045
0.408000 109.939152
0.409000 109.813692
0.410000 109.681663
0.411000 109.542843
0.412000 109.397233
0.413000 109.244387
0.414000 109.084416
0.415000 108.916986
0.416000 108.742098
0.417000 108.559418
0.418000 108.368944
0.419000 108.170345
0.420000 107.963729
0.421000 107.748654
0.422000 107.525006
0.423000 107.292787
0.424000 107.051662
0.425000 106.801631
0.426000 106.542360
0.427000 106.273738
0.428000 105.995765
0.429000 105.708107
0.430000 105.410653
0.431000 105.103291
0.432000 104.785798
0.433000 104.458175
0.434000 104.120088
0.435000 103.771647
0.436000 103.412409
0.437000 103.042595
0.438000 102.661759
0.439000 102.270014
0.440000 101.867026
0.441000 101.453017
0.442000 101.027541
0.443000 100.590710
0.444000 100.142413
0.445000 99.682650
0.446000 99.211198
0.447000 98.728057
0.448000 98.233228
0.449000 97.726598
0.450000 97.208167
0.451000 96.677937
0.452000 96.135906
0.453000 95.582187
0.454000 95.016556
0.455000 94.439125
0.456000 93.850116
0.457000 93.249307
0.458000 92.637031
0.459000 92.013178
0.460000 91.377971
0.461000 90.731297
0.462000 90.073602
0.463000 89.404774
0.464000 88.724926
0.465000 88.034502
0.466000 87.333391
0.467000 86.621927
0.468000 85.900333
0.469000 85.168720
0.470000 84.427310
0.471000 83.676549
0.472000 82.916437
0.473000 82.147419
0.474000 81.369719
0.475000 80.583557
0.476000 79.789380
0.477000 78.987411
0.478000 78.177983
0.479000 77.361542
0.480000 76.538310
0.481000 75.708621
0.482000 74.873032
0.483000 74.031766
0.484000 73.185156
0.485000 72.333760
0.486000 71.477799
0.487000 70.617830
0.488000 69.754188
0.489000 68.887317
0.490000 68.017553
0.491000 67.145339
0.492000 66.271121
0.493000 65.395344
0.494000 64.518455
0.495000 63.640675
0.496000 62.762561
0.497000 61.884558
0.498000 61.007112
0.499000 60.130445
0.500000 59.255114
0.501000 58.381452
0.502000 57.509906
0.503000 56.640809
0.504000 55.774607
0.505000 54.911633
0.506000 54.052221
0.507000 53.196705
0.508000 52.345531
0.509000 51.499033
0.510000 50.657432
0.511000 49.821176
0.512000 48.990374
0.513000 48.165583
0.514000 47.346804
0.515000 46.534593
0.516000 45.729062
0.517000 44.930432
0.518000 44.138927
0.519000 43.354992
0.520000 42.578515
0.521000 41.810054
0.522000 41.049497
0.523000 40.297066
0.524000 39.553096
0.525000 38.817698
0.526000 38.090871
0.527000 37.372839
0.528000 36.663713
0.529000 35.963604
0.530000 35.272624
0.531000 34.590883
0.532000 33.918382
0.533000 33.255232
0.534000 32.601434
0.535000 31.957097
0.536000 31.322224
0.537000 30.696923
0.538000 30.081086
0.539000 29.474822
0.540000 28.878021
0.541000 28.290793
0.542000 27.713028
0.543000 27.144836
0.544000 26.585996
0.545000 26.036618
0.546000 25.496591
0.547000 24.965915
0.548000 24.444479
0.549000 23.932283
0.550000 23.429216
0.551000 22.935276
0.552000 22.450354
0.553000 21.974227
0.554000 21.507005
0.555000 21.048578
0.556000 20.598723
0.557000 20.157550
0.558000 19.724727
0.559000 19.300365
0.560000 18.884240
0.561000 18.476242
0.562000 18.076371
0.563000 17.684403
0.564000 17.300340
0.565000 16.923957
0.566000 16.555145
0.567000 16.194014
0.568000 15.840119
0.569000 15.493571
0.570000 15.154259
0.571000 14.821961
0.572000 14.496564
0.573000 14.178070
0.574000 13.866255
0.575000 13.561007
0.576000 13.262217
0.577000 12.969883
0.578000 12.683784
0.579000 12.403807
0.580000 12.129842
0.581000 11.861888
0.582000 11.599723
0.583000 11.343235
0.584000 11.092313
0.585000 10.846847
0.586000 10.606835
0.587000 10.372055
0.588000 10.142507
0.589000 9.917969
0.590000 9.698441
0.591000 9.483811
0.592000 9.273856
0.593000 9.068577
0.594000 8.867973
0.595000 8.671822
0.596000 8.480013
0.597000 8.292434
0.598000 8.109197
0.599000 7.929967
0.600000 7.754856
0.601000 7.583642
0.602000 7.416212
0.603000 7.252679
0.604000 7.092708
0.605000 6.936523
0.606000 6.783676
0.607000 6.634393
0.608000 6.488448
0.609000 6.345844
0.610000 6.206468
0.611000 6.070320
0.612000 5.937178
0.613000 5.807042
0.614000 5.679800
0.615000 5.555563
0.616000 5.434110
0.617000 5.315440
0.618000 5.199442
0.619000 5.086004
0.620000 4.975238
0.621000 4.866921
0.622000 4.761164
0.623000 4.657745
0.624000 4.556664
0.625000 4.457810
0.626000 4.361293
0.627000 4.266891
0.628000 4.174716
0.629000 4.084656
0.630000 3.996488
0.631000 3.910435
0.632000 3.826275
0.633000 3.744119
0.634000 3.663744
0.635000 3.585150
0.636000 3.508338
0.637000 3.433306
0.638000 3.359944
0.639000 3.288252
0.640000 3.218119
0.641000 3.149656
0.642000 3.082639
0.643000 3.017181
0.644000 2.953171
0.645000 2.890719
0.646000 2.829491
0.647000 2.769711
0.648000 2.711266
0.649000 2.654158
0.650000 2.598274
0.651000 2.543726
0.652000 2.490291
0.653000 2.438080
0.654000 2.387094
0.655000 2.337111
0.656000 2.288351
0.657000 2.240594
0.658000 2.193949
0.659000 2.148418
0.660000 2.103778
0.661000 2.060139
0.662000 2.017503
0.663000 1.975757
0.664000 1.935013
0.665000 1.895048
0.666000 1.856085
0.667000 1.817901
0.668000 1.780608
0.669000 1.744094
0.670000 1.708359
0.671000 1.673404
0.672000 1.639228
0.673000 1.605831
0.674000 1.573214
0.675000 1.541153
0.676000 1.509871
0.677000 1.479257
0.678000 1.449311
0.679000 1.420033
0.680000 1.391423
0.681000 1.363370
0.682000 1.335985
0.683000 1.309045
0.684000 1.282884
0.685000 1.257168
0.686000 1.232009
0.687000 1.207407
0.688000 1.183250
0.689000 1.159761
0.690000 1.136717
0.691000 1.114118
0.692000 1.091965
0.693000 1.070369
0.694000 1.049217
0.695000 1.028511
0.696000 1.008250
0.697000 0.988435
0.698000 0.968954
0.699000 0.949917
0.700000 0.931326
0.701000 0.913069
0.702000 0.895258
0.703000 0.877780
0.704000 0.860748
0.705000 0.843938
0.706000 0.827574
0.707000 0.811543
0.708000 0.795847
0.709000 0.780484
0.710000 0.765344
0.711000 0.750650
0.712000 0.736178
0.713000 0.722040
0.714000 0.708124
0.715000 0.694654
0.716000 0.681295
0.717000 0.668271
0.718000 0.655580
0.719000 0.643112
0.720000 0.630866
0.721000 0.618843
0.722000 0.607154
0.723000 0.595577
0.724000 0.584333
0.725000 0.573312
0.726000 0.562514
0.727000 0.551938
0.728000 0.541585
0.729000 0.531344
0.730000 0.521436
0.731000 0.511640
0.732000 0.502177
0.733000 0.492715
0.734000 0.483586
0.735000 0.474569
0.736000 0.465775
0.737000 0.457091
0.738000 0.448631
0.739000 0.440393
0.740000 0.432266
0.741000 0.424251
0.742000 0.416459
0.743000 0.408777
0.744000 0.401319
0.745000 0.393971
0.746000 0.386735
0.747000 0.379611
0.748000 0.372709
0.749000 0.365918
0.750000 0.359239
0.751000 0.352782
0.752000 0.346325
0.753000 0.340091
0.754000 0.333968
0.755000 0.327846
0.756000 0.321945
0.757000 0.316157
0.758000 0.310479
0.759000 0.304913
0.760000 0.299458
0.761000 0.294115
0.762000 0.288883
0.763000 0.283650
0.764000 0.278641
0.765000 0.273631
0.766000 0.268845
0.767000 0.264058
0.768000 0.259382
0.769000 0.254707
0.770000 0.250254
0.771000 0.245801
0.772000 0.241459
0.773000 0.237229
0.774000 0.233110
0.775000 0.228991
0.776000 0.224983
0.777000 0.221087
0.778000 0.217191
0.779000 0.213406
0.780000 0.209621
0.781000 0.206058
0.782000 0.202385
0.783000 0.198934
0.784000 0.195483
0.785000 0.192143
0.786000 0.188803
0.787000 0.185575
0.788000 0.182347
0.789000 0.179230
0.790000 0.176113
0.791000 0.173107
0.792000 0.170101
0.793000 0.167207
0.794000 0.164312
0.795000 0.161529
0.796000 0.158746
0.797000 0.156075
0.798000 0.153403
0.799000 0.150842
0.800000 0.148282
0.801000 0.145833
0.802000 0.143272
0.803000 0.140935
0.804000 0.138486
0.805000 0.136148
0.806000 0.133921
0.807000 0.131695
0.808000 0.129468
0.809000 0.127242
0.810000 0.125127
0.811000 0.123123
0.812000 0.121008
0.813000 0.119004
0.814000 0.117000
0.815000 0.115108
0.816000 0.113215
0.817000 0.111323
0.818000 0.109430
0.819000 0.107649
0.820000 0.105868
0.821000 0.104087
0.822000 0.102417
0.823000 0.100747
0.824000 0.099077
0.825000 0.097519
0.826000 0.095849
0.827000 0.094290
0.828000 0.092732
0.829000 0.091285
0.830000 0.089726
0.831000 0.088279
0.832000 0.086943
0.833000 0.085496
0.834000 0.084049
0.835000 0.082713
0.836000 0.081377
0.837000 0.080041
0.838000 0.078817
0.839000 0.077592
0.840000 0.076256
0.841000 0.075032
0.842000 0.073918
0.843000 0.072694
0.844000 0.071581
0.845000 0.070356
0.846000 0.069243
0.847000 0.068130
0.848000 0.067128
0.849000 0.066014
0.850000 0.065013
0.851000 0.063899
0.852000 0.062897
0.853000 0.061895
0.854000 0.061005
0.855000 0.060003
0.856000 0.059112
0.857000 0.058110
0.858000 0.057220
0.859000 0.056329
0.860000 0.055439
0.861000 0.054548
0.862000 0.053769
0.863000 0.052878
0.864000 0.052099
0.865000 0.051320
0.866000 0.050429
0.867000 0.049650
0.868000 0.048871
0.869000 0.048203
0.870000 0.047424
0.871000 0.046644
0.872000 0.045976
0.873000 0.045308
0.874000 0.044529
0.875000 0.043861
0.876000 0.043193
0.877000 0.042525
0.878000 0.041857
0.879000 0.041301
0.880000 0.040633
0.881000 0.039965
0.882000 0.039408
0.883000 0.038852
0.884000 0.038184
0.885000 0.037627
0.886000 0.037070
0.887000 0.036514
0.888000 0.035957
0.889000 0.035401
0.890000 0.034844
0.891000 0.034399
0.892000 0.033842
0.893000 0.033286
0.894000 0.032840
0.895000 0.032395
0.896000 0.031838
0.897000 0.031393
0.898000 0.030948
0.899000 0.030502
0.900000 0.030057
0.901000 0.029612
0.902000 0.029167
0.903000 0.028721
0.904000 0.028276
0.905000 0.027831
0.906000 0.027497
0.907000 0.027051
0.908000 0.026606
0.909000 0.026272
0.910000 0.025827
0.911000 0.025493
0.912000 0.025159
0.913000 0.024714
0.914000 0.024380
0.915000 0.024046
0.916000 0.023712
0.917000 0.023378
0.918000 0.023044
0.919000 0.022710
0.920000 0.022376
0.921000 0.022042
0.922000 0.021708
0.923000 0.021374
0.924000 0.021040
0.925000 0.020817
0.926000 0.020483
0.927000 0.020149
0.928000 0.019927
0.929000 0.019593
0.930000 0.019259
0.931000 0.019036
0.932000 0.018814
0.933000 0.018480
0.934000 0.018257
0.935000 0.017923
0.936000 0.017700
0.937000 0.017478
0.938000 0.017255
0.939000 0.016921
0.940000 0.016698
0.941000 0.016476
0.942000 0.016253
0.943000 0.016030
0.944000 0.015808
0.945000 0.015585
0.946000 0.015363
0.947000 0.015140
0.948000 0.014917
0.949000 0.014695
0.950000 0.014472
0.951000 0.014361
0.952000 0.014138
0.953000 0.013915
0.954000 0.013693
0.955000 0.013581
0.956000 0.013359
0.957000 0.013136
0.958000 0.013025
0.959000 0.012802
0.960000 0.012579
0.961000 0.012468
0.962000 0.012246
0.963000 0.012134
0.964000 0.011912
0.965000 0.011800
0.966000 0.011578
0.967000 0.011466
0.968000 0.011244
0.969000 0.011132
0.970000 0.011021
0.971000 0.010798
0.972000 0.010687
0.973000 0.010576
0.974000 0.010353
0.975000 0.010242
0.976000 0.010130
0.977000 0.010019
0.978000 0.009796
0.979000 0.009685
0.980000 0.009574
0.981000 0.009462
0.982000 0.009351
0.983000 0.009240
0.984000 0.009128
0.985000 0.008906
0.986000 0.008794
0.987000 0.008683
0.988000 0.008572
0.989000 0.008461
0.990000 0.008349
0.991000 0.008238
0.992000 0.008127
0.993000 0.008015
0.994000 0.007904
0.995000 0.007793
0.996000 0.007681
0.997000 0.007570
0.998000 0.007570
0.999000 0.007459
1.000000 0.007347
1.001000 0.007236
1.002000 0.007125
1.003000 0.007013
1.004000 0.006902
1.005000 0.006902
1.006000 0.006791
1.007000 0.006679
1.008000 0.006568
1.009000 0.006457
1.010000 0.006457
1.011000 0.006345
1.012000 0.006234
1.013000 0.006123
1.014000 0.006123
1.015000 0.006011
1.016000 0.005900
1.017000 0.005900
1.018000 0.005789
1.019000 0.005677
1.020000 0.005677
1.021000 0.005566
1.022000 0.005455
1.023000 0.005455
1.024000 0.005343
1.025000 0.005232
1.026000 0.005232
1.027000 0.005121
1.028000 0.005121
1.029000 0.005010
1.030000 0.004898
1.031000 0.004898
1.032000 0.004787
1.033000 0.004787
1.034000 0.004676
1.035000 0.004676
1.036000 0.004564
1.037000 0.004564
1.038000 0.004453
1.039000 0.004453
1.040000 0.004342
1.041000 0.004342
1.042000 0.004230
1.043000 0.004230
1.044000 0.004119
1.045000 0.004119
1.046000 0.004008
1.047000 0.004008
1.048000 0.003896
1.049000 0.003896
1.050000 0.003785
1.051000 0.003785
1.052000 0.003785
1.053000 0.003674
1.054000 0.003674
1.055000 0.003562
1.056000 0.003562
1.057000 0.003562
1.058000 0.003451
1.059000 0.003451
1.060000 0.003340
1.061000 0.003340
1.062000 0.003340
1.063000 0.003228
1.064000 0.003228
1.065000 0.003228
1.066000 0.003117
1.067000 0.003117
1.068000 0.003006
1.069000 0.003006
1.070000 0.003006
1.071000 0.002894
1.072000 0.002894
1.073000 0.002894
1.074000 0.002894
1.075000 0.002783
1.076000 0.002783
1.077000 0.002783
1.078000 0.002672
1.079000 0.002672
1.080000 0.002672
1.081000 0.002560
1.082000 0.002560
1.083000 0.002560
1.084000 0.002560
1.085000 0.002449
1.086000 0.002449
1.087000 0.002449
1.088000 0.002449
1.089000 0.002338
1.090000 0.002338
1.091000 0.002338
1.092000 0.002226
1.093000 0.002226
1.094000 0.002226
1.095000 0.002226
1.096000 0.002226
1.097000 0.002115
1.098000 0.002115
1.099000 0.002115
