1100 64
0.000000 0.000000
0.001000 0.000000
0.002000 0.000000
0.003000 0.000000
0.004000 0.000000
0.005000 0.000000
0.006000 0.000000
0.007000 0.000000
0.008000 0.000000
0.009000 0.000000
0.010000 0.000000
0.011000 0.000000
0.012000 0.000000
0.013000 0.000000
0.014000 0.000000
0.015000 0.000000
0.016000 0.000000
0.017000 0.000000
0.018000 0.000000
0.019000 0.000000
0.020000 0.000000
0.021000 0.000000
0.022000 0.000000
0.023000 0.000000
0.024000 0.000000
0.025000 0.000000
0.026000 0.000000
0.027000 0.000000
0.028000 0.000000
0.029000 0.000000
0.030000 0.000000
0.031000 0.000000
0.032000 0.000000
0.033000 0.000000
0.034000 0.000000
0.035000 0.000000
0.036000 0.000000
0.037000 0.000000
0.038000 0.000000
0.039000 0.000000
0.040000 0.000000
0.041000 0.000000
0.042000 0.000000
0.043000 0.000000
0.044000 0.000000
0.045000 0.000000
0.046000 0.000000
0.047000 0.000000
0.048000 0.000000
0.049000 0.000000
0.050000 0.000000
0.051000 0.000000
0.052000 0.000000
0.053000 0.000000
0.054000 0.000000
0.055000 0.000000
0.056000 0.000000
0.057000 0.000000
0.058000 0.000000
0.059000 0.000000
0.060000 0.000000
0.061000 0.000000
0.062000 0.000000
0.063000 0.000000
0.064000 0.000000
0.065000 0.000000
0.066000 0.000000
0.067000 0.000000
0.068000 0.000000
0.069000 0.000000
0.070000 0.000000
0.071000 0.000000
0.072000 0.000000
0.073000 0.000000
0.074000 0.000000
0.075000 0.000000
0.076000 0.000000
0.077000 0.000000
0.078000 0.000000
0.079000 0.000000
0.080000 0.000000
0.081000 0.000000
0.082000 0.000000
0.083000 0.000000
0.084000 0.000000
0.085000 0.000000
0.086000 0.000000
0.087000 0.000000
0.088000 0.000000
0.089000 0.000000
0.090000 0.000000
0.091000 0.000000
0.092000 0.000000
0.093000 0.000000
0.094000 0.000000
0.095000 0.000000
0.096000 0.000000
0.097000 0.000000
0.098000 0.000000
0.099000 0.000000
0.100000 0.000000
0.101000 0.007820
0.102000 0.031280
0.103000 0.070322
0.104000 0.124949
0.105000 0.194988
0.106000 0.280440
0.107000 0.381079
0.108000 0.496847
0.109000 0.627519
0.110000 0.772924
0.111000 0.932835
0.112000 1.107027
0.113000 1.295328
0.114000 1.497399
0.115000 1.712956
0.116000 1.941717
0.117000 2.183397
0.118000 2.437657
0.119000 2.704158
0.120000 2.982501
0.121000 3.272461
0.122000 3.573527
0.123000 3.885417
0.124000 4.207676
0.125000 4.540022
0.126000 4.881945
0.127000 5.233104
0.128000 5.593046
0.129000 5.961432
0.130000 6.337864
0.131000 6.721833
0.132000 7.113055
0.133000 7.511077
0.134000 7.915445
0.135000 8.325877
0.136000 8.741862
0.137000 9.163060
0.138000 9.589132
0.139000 10.019623
0.140000 10.454195
0.141000 10.892449
0.142000 11.334104
0.143000 11.778762
0.144000 12.226083
0.145000 12.675728
0.146000 13.127356
0.147000 13.580684
0.148000 14.035372
0.149000 14.491193
0.150000 14.947751
0.151000 15.404875
0.152000 15.862227
0.153000 16.319578
0.154000 16.776646
0.155000 17.233260
0.156000 17.689138
0.157000 18.144053
0.158000 18.597834
0.159000 19.050198
0.160000 19.501090
0.161000 19.950224
0.162000 20.397432
0.163000 20.842600
0.164000 21.285558
0.165000 21.726080
0.166000 22.164164
0.167000 22.599586
0.168000 23.032231
0.169000 23.462042
0.170000 23.888850
0.171000 24.312542
0.172000 24.733060
0.173000 25.150349
0.174000 25.564294
0.175000 25.974782
0.176000 26.381814
0.177000 26.785332
0.178000 27.185224
0.179000 27.581433
0.180000 27.973958
0.181000 28.362743
0.182000 28.747789
0.183000 29.128981
0.184000 29.506376
0.185000 29.879919
0.186000 30.249607
0.187000 30.615330
0.188000 30.977255
0.189000 31.335214
0.190000 31.689263
0.191000 32.039403
0.192000 32.385632
0.193000 32.727951
0.194000 33.066417
0.195000 33.400916
0.196000 33.731619
0.197000 34.058412
0.198000 34.381351
0.199000 34.700437
0.200000 35.015784
0.201000 35.327277
0.202000 35.635030
0.203000 35.938986
0.204000 36.239259
0.205000 36.535849
0.206000 36.828755
0.207000 37.118035
0.208000 37.403688
0.209000 37.685828
0.210000 37.964342
0.211000 38.239398
0.212000 38.510942
0.213000 38.779085
0.214000 39.043772
0.215000 39.305059
0.216000 39.563059
0.217000 39.817716
0.218000 40.069086
0.219000 40.317283
0.220000 40.562250
0.221000 40.804044
0.222000 41.042721
0.223000 41.278282
0.224000 41.510782
0.225000 41.740280
0.226000 41.966830
0.227000 42.190378
0.228000 42.411092
0.229000 42.628859
0.230000 42.843850
0.231000 43.056007
0.232000 43.265388
0.233000 43.472049
0.234000 43.676046
0.235000 43.877324
0.236000 44.076052
0.237000 44.272173
0.238000 44.465687
0.239000 44.656765
0.240000 44.845292
0.241000 45.031384
0.242000 45.215095
0.243000 45.396426
0.244000 45.575377
0.245000 45.752005
0.246000 45.926310
0.247000 46.098404
0.248000 46.268289
0.249000 46.435963
0.250000 46.601485
0.251000 46.764853
0.252000 46.926181
0.253000 47.085356
0.254000 47.242547
0.255000 47.397699
0.256000 47.550867
0.257000 47.702108
0.258000 47.851423
0.259000 47.998811
0.260000 48.144330
0.261000 48.287978
0.262000 48.429813
0.263000 48.569891
0.264000 48.708156
0.265000 48.844665
0.266000 48.979473
0.267000 49.112638
0.268000 49.244046
0.269000 49.373868
0.270000 49.502047
0.271000 49.628638
0.272000 49.753644
0.273000 49.877062
0.274000 49.998951
0.275000 50.119366
0.276000 50.238251
0.277000 50.355663
0.278000 50.471658
0.279000 50.586180
0.280000 50.699342
0.281000 50.811088
0.282000 50.921416
0.283000 51.030442
0.284000 51.138107
0.285000 51.244469
0.286000 51.349528
0.287000 51.453283
0.288000 51.555792
0.289000 51.657054
0.290000 51.757070
0.291000 51.855895
0.292000 51.953474
0.293000 52.049919
0.294000 52.145118
0.295000 52.239241
0.296000 52.332173
0.297000 52.423972
0.298000 52.514694
0.299000 52.604283
0.300000 52.692795
0.301000 52.780174
0.302000 52.866533
0.303000 52.951872
0.304000 53.036134
0.305000 53.119377
0.306000 53.201599
0.307000 53.282801
0.308000 53.362984
0.309000 53.442203
0.310000 53.520458
0.311000 53.597751
0.312000 53.674023
0.313000 53.749389
0.314000 53.823792
0.315000 53.897287
0.316000 53.969820
0.317000 54.041446
0.318000 54.112165
0.319000 54.181921
0.320000 54.250826
0.321000 54.318826
0.322000 54.385918
0.323000 54.452104
0.324000 54.517440
0.325000 54.581869
0.326000 54.645448
0.327000 54.708121
0.328000 54.769944
0.329000 54.830916
0.330000 54.890982
0.331000 54.950198
0.332000 55.008564
0.333000 55.066023
0.334000 55.122633
0.335000 55.178392
0.336000 55.233245
0.337000 55.287247
0.338000 55.340400
0.339000 55.392646
0.340000 55.444042
0.341000 55.494531
0.342000 55.544171
0.343000 55.592904
0.344000 55.640730
0.345000 55.687649
0.346000 55.733662
0.347000 55.778711
0.348000 55.822911
0.349000 55.866147
0.350000 55.908420
0.351000 55.949786
0.352000 55.990132
0.353000 56.029515
0.354000 56.067935
0.355000 56.105334
0.356000 56.141714
0.357000 56.177073
0.358000 56.211413
0.359000 56.244676
0.360000 56.276862
0.361000 56.307915
0.362000 56.337891
0.363000 56.366734
0.364000 56.394387
0.365000 56.420850
0.366000 56.446180
0.367000 56.470263
0.368000 56.493100
0.369000 56.514633
0.370000 56.534862
0.371000 56.553845
0.372000 56.571412
0.373000 56.587562
0.374000 56.602352
0.375000 56.615668
0.376000 56.627511
0.377000 56.637881
0.378000 56.646664
0.379000 56.653861
0.380000 56.659414
0.381000 56.663324
0.382000 56.665534
0.383000 56.665987
0.384000 56.664684
0.385000 56.661511
0.386000 56.656468
0.387000 56.649498
0.388000 56.640544
0.389000 56.629608
0.390000 56.616575
0.391000 56.601445
0.392000 56.584105
0.393000 56.564499
0.394000 56.542682
0.395000 56.518486
0.396000 56.491853
0.397000 56.462783
0.398000 56.431164
0.399000 56.396994
0.400000 56.360161
0.401000 56.320608
0.402000 56.278222
0.403000 56.233003
0.404000 56.184893
0.405000 56.133780
0.406000 56.079551
0.407000 56.022205
0.408000 55.961686
0.409000 55.897823
0.410000 55.830617
0.411000 55.759955
0.412000 55.685836
0.413000 55.608033
0.414000 55.526604
0.415000 55.441379
0.416000 55.352357
0.417000 55.259368
0.418000 55.162412
0.419000 55.061320
0.420000 54.956148
0.421000 54.846669
0.422000 54.732827
0.423000 54.614622
0.424000 54.491884
0.425000 54.364612
0.426000 54.232637
0.427000 54.095902
0.428000 53.954407
0.429000 53.807982
0.430000 53.656570
0.431000 53.500115
0.432000 53.338504
0.433000 53.171736
0.434000 52.999641
0.435000 52.822277
0.436000 52.639416
0.437000 52.451171
0.438000 52.257317
0.439000 52.057909
0.440000 51.852778
0.441000 51.642038
0.442000 51.425460
0.443000 51.203103
0.444000 50.974909
0.445000 50.740878
0.446000 50.500898
0.447000 50.254968
0.448000 50.003087
0.449000 49.745200
0.450000 49.481307
0.451000 49.211407
0.452000 48.935500
0.453000 48.653643
0.454000 48.365724
0.455000 48.071797
0.456000 47.771977
0.457000 47.466151
0.458000 47.154488
0.459000 46.836932
0.460000 46.513596
0.461000 46.184423
0.462000 45.849640
0.463000 45.509191
0.464000 45.163132
0.465000 44.811690
0.466000 44.454807
0.467000 44.092655
0.468000 43.725346
0.469000 43.352937
0.470000 42.975542
0.471000 42.593386
0.472000 42.206471
0.473000 41.815022
0.474000 41.419154
0.475000 41.018978
0.476000 40.614723
0.477000 40.206501
0.478000 39.794483
0.479000 39.378895
0.480000 38.959850
0.481000 38.537518
0.482000 38.112183
0.483000 37.683958
0.484000 37.253013
0.485000 36.819632
0.486000 36.383927
0.487000 35.946182
0.488000 35.506568
0.489000 35.065310
0.490000 34.622578
0.491000 34.178600
0.492000 33.733602
0.493000 33.287811
0.494000 32.841453
0.495000 32.394642
0.496000 31.947660
0.497000 31.500736
0.498000 31.054094
0.499000 30.607850
0.500000 30.162285
0.501000 29.717570
0.502000 29.273932
0.503000 28.831541
0.504000 28.390623
0.505000 27.951348
0.506000 27.513887
0.507000 27.078409
0.508000 26.645141
0.509000 26.214252
0.510000 25.785858
0.511000 25.360183
0.512000 24.937284
0.513000 24.517446
0.514000 24.100668
0.515000 23.687233
0.516000 23.277198
0.517000 22.870676
0.518000 22.467781
0.519000 22.068739
0.520000 21.673494
0.521000 21.282328
0.522000 20.895186
0.523000 20.512181
0.524000 20.133482
0.525000 19.759146
0.526000 19.389174
0.527000 19.023679
0.528000 18.662716
0.529000 18.306344
0.530000 17.954618
0.531000 17.607596
0.532000 17.265276
0.533000 16.927717
0.534000 16.594918
0.535000 16.266935
0.536000 15.943769
0.537000 15.625476
0.538000 15.312000
0.539000 15.003397
0.540000 14.699610
0.541000 14.400697
0.542000 14.106601
0.543000 13.817378
0.544000 13.532914
0.545000 13.253268
0.546000 12.978381
0.547000 12.708254
0.548000 12.442831
0.549000 12.182111
0.550000 11.926037
0.551000 11.674610
0.552000 11.427773
0.553000 11.185413
0.554000 10.947585
0.555000 10.714235
0.556000 10.485248
0.557000 10.260680
0.558000 10.040363
0.559000 9.824352
0.560000 9.612535
0.561000 9.404854
0.562000 9.201310
0.563000 9.001789
0.564000 8.806291
0.565000 8.614703
0.566000 8.426969
0.567000 8.243145
0.568000 8.063003
0.569000 7.886602
0.570000 7.713884
0.571000 7.544736
0.572000 7.379102
0.573000 7.216980
0.574000 7.058259
0.575000 6.902881
0.576000 6.750789
0.577000 6.601984
0.578000 6.456353
0.579000 6.313838
0.580000 6.174383
0.581000 6.037988
0.582000 5.904539
0.583000 5.773981
0.584000 5.646256
0.585000 5.521307
0.586000 5.399135
0.587000 5.279627
0.588000 5.162781
0.589000 5.048486
0.590000 4.936741
0.591000 4.827489
0.592000 4.720617
0.593000 4.616125
0.594000 4.514013
0.595000 4.414167
0.596000 4.316532
0.597000 4.221049
0.598000 4.127777
0.599000 4.036545
0.600000 3.947409
0.601000 3.860257
0.602000 3.775031
0.603000 3.691789
0.604000 3.610360
0.605000 3.530858
0.606000 3.453055
0.607000 3.377066
0.608000 3.302777
0.609000 3.230188
0.610000 3.159242
0.611000 3.089940
0.612000 3.022167
0.613000 2.955925
0.614000 2.891155
0.615000 2.827916
0.616000 2.766094
0.617000 2.705688
0.618000 2.646642
0.619000 2.588899
0.620000 2.532516
0.621000 2.477380
0.622000 2.423548
0.623000 2.370905
0.624000 2.319452
0.625000 2.269133
0.626000 2.220003
0.627000 2.171951
0.628000 2.125031
0.629000 2.079188
0.630000 2.034309
0.631000 1.990506
0.632000 1.947667
0.633000 1.905847
0.634000 1.864934
0.635000 1.824928
0.636000 1.785829
0.637000 1.747636
0.638000 1.710293
0.639000 1.673800
0.640000 1.638100
0.641000 1.603251
0.642000 1.569138
0.643000 1.535818
0.644000 1.503235
0.645000 1.471446
0.646000 1.440279
0.647000 1.409850
0.648000 1.380100
0.649000 1.351030
0.650000 1.322584
0.651000 1.294818
0.652000 1.267618
0.653000 1.241042
0.654000 1.215089
0.655000 1.189646
0.656000 1.164826
0.657000 1.140516
0.658000 1.116773
0.659000 1.093597
0.660000 1.070874
0.661000 1.048661
0.662000 1.026958
0.663000 1.005708
0.664000 0.984968
0.665000 0.964625
0.666000 0.944792
0.667000 0.925356
0.668000 0.906372
0.669000 0.887786
0.670000 0.869596
0.671000 0.851803
0.672000 0.834407
0.673000 0.817407
0.674000 0.800804
0.675000 0.784484
0.676000 0.768561
0.677000 0.752978
0.678000 0.737734
0.679000 0.722831
0.680000 0.708268
0.681000 0.693988
0.682000 0.680049
0.683000 0.666335
0.684000 0.653019
0.685000 0.639929
0.686000 0.627122
0.687000 0.614599
0.688000 0.602303
0.689000 0.590346
0.690000 0.578616
0.691000 0.567113
0.692000 0.555837
0.693000 0.544843
0.694000 0.534077
0.695000 0.523537
0.696000 0.513224
0.697000 0.503137
0.698000 0.493221
0.699000 0.483531
0.700000 0.474068
0.701000 0.464774
0.702000 0.455708
0.703000 0.446811
0.704000 0.438141
0.705000 0.429585
0.706000 0.421255
0.707000 0.413095
0.708000 0.405105
0.709000 0.397285
0.710000 0.389579
0.711000 0.382099
0.712000 0.374732
0.713000 0.367536
0.714000 0.360452
0.715000 0.353596
0.716000 0.346796
0.717000 0.340166
0.718000 0.333706
0.719000 0.327359
0.720000 0.321126
0.721000 0.315006
0.722000 0.309056
0.723000 0.303163
0.724000 0.297440
0.725000 0.291830
0.726000 0.286333
0.727000 0.280950
0.728000 0.275680
0.729000 0.270467
0.730000 0.265423
0.731000 0.260437
0.732000 0.255620
0.733000 0.250804
0.734000 0.246157
0.735000 0.241567
0.736000 0.237090
0.737000 0.232671
0.738000 0.228364
0.739000 0.224171
0.740000 0.220034
0.741000 0.215954
0.742000 0.211987
0.743000 0.208078
0.744000 0.204281
0.745000 0.200541
0.746000 0.196858
0.747000 0.193231
0.748000 0.189718
0.749000 0.186261
0.750000 0.182861
0.751000 0.179575
0.752000 0.176288
0.753000 0.173115
0.754000 0.169998
0.755000 0.166881
0.756000 0.163878
0.757000 0.160931
0.758000 0.158041
0.759000 0.155208
0.760000 0.152432
0.761000 0.149712
0.762000 0.147048
0.763000 0.144385
0.764000 0.141835
0.765000 0.139285
0.766000 0.136848
0.767000 0.134412
0.768000 0.132032
0.769000 0.129652
0.770000 0.127385
0.771000 0.125119
0.772000 0.122909
0.773000 0.120755
0.774000 0.118659
0.775000 0.116562
0.776000 0.114522
0.777000 0.112539
0.778000 0.110555
0.779000 0.108629
0.780000 0.106702
0.781000 0.104889
0.782000 0.103019
0.783000 0.101262
0.784000 0.099505
0.785000 0.097805
0.786000 0.096106
0.787000 0.094462
0.788000 0.092819
0.789000 0.091232
0.790000 0.089646
0.791000 0.088116
0.792000 0.086586
0.793000 0.085112
0.794000 0.083639
0.795000 0.082222
0.796000 0.080806
0.797000 0.079446
0.798000 0.078086
0.799000 0.076782
0.800000 0.075479
0.801000 0.074232
0.802000 0.072929
0.803000 0.071739
0.804000 0.070492
0.805000 0.069303
0.806000 0.068169
0.807000 0.067036
0.808000 0.065903
0.809000 0.064769
0.810000 0.063693
0.811000 0.062673
0.812000 0.061596
0.813000 0.060576
0.814000 0.059556
0.815000 0.058593
0.816000 0.057629
0.817000 0.056666
0.818000 0.055703
0.819000 0.054796
0.820000 0.053889
0.821000 0.052983
0.822000 0.052133
0.823000 0.051283
0.824000 0.050433
0.825000 0.049639
0.826000 0.048789
0.827000 0.047996
0.828000 0.047203
0.829000 0.046466
0.830000 0.045673
0.831000 0.044936
0.832000 0.044256
0.833000 0.043519
0.834000 0.042783
0.835000 0.042103
0.836000 0.041423
0.837000 0.040743
0.838000 0.040120
0.839000 0.039496
0.840000 0.038816
0.841000 0.038193
0.842000 0.037626
0.843000 0.037003
0.844000 0.036436
0.845000 0.035813
0.846000 0.035246
0.847000 0.034680
0.848000 0.034170
0.849000 0.033603
0.850000 0.033093
0.851000 0.032526
0.852000 0.032016
0.853000 0.031506
0.854000 0.031053
0.855000 0.030543
0.856000 0.030090
0.857000 0.029580
0.858000 0.029126
0.859000 0.028673
0.860000 0.028220
0.861000 0.027766
0.862000 0.027370
0.863000 0.026916
0.864000 0.026520
0.865000 0.026123
0.866000 0.025670
0.867000 0.025273
0.868000 0.024876
0.869000 0.024536
0.870000 0.024140
0.871000 0.023743
0.872000 0.023403
0.873000 0.023063
0.874000 0.022666
0.875000 0.022326
0.876000 0.021986
0.877000 0.021646
0.878000 0.021306
0.879000 0.021023
0.880000 0.020683
0.881000 0.020343
0.882000 0.020060
0.883000 0.019776
0.884000 0.019436
0.885000 0.019153
0.886000 0.018870
0.887000 0.018586
0.888000 0.018303
0.889000 0.018020
0.890000 0.017736
0.891000 0.017510
0.892000 0.017226
0.893000 0.016943
0.894000 0.016716
0.895000 0.016490
0.896000 0.016206
0.897000 0.015980
0.898000 0.015753
0.899000 0.015526
0.900000 0.015300
0.901000 0.015073
0.902000 0.014846
0.903000 0.014620
0.904000 0.014393
0.905000 0.014166
0.906000 0.013996
0.907000 0.013770
0.908000 0.013543
0.909000 0.013373
0.910000 0.013147
0.911000 0.012977
0.912000 0.012807
0.913000 0.012580
0.914000 0.012410
0.915000 0.012240
0.916000 0.012070
0.917000 0.011900
0.918000 0.011730
0.919000 0.011560
0.920000 0.011390
0.921000 0.011220
0.922000 0.011050
0.923000 0.010880
0.924000 0.010710
0.925000 0.010597
0.926000 0.010427
0.927000 0.010257
0.928000 0.010143
0.929000 0.009973
0.930000 0.009803
0.931000 0.009690
0.932000 0.009577
0.933000 0.009407
0.934000 0.009293
0.935000 0.009123
0.936000 0.009010
0.937000 0.008897
0.938000 0.008783
0.939000 0.008613
0.940000 0.008500
0.941000 0.008387
0.942000 0.008273
0.943000 0.008160
0.944000 0.008047
0.945000 0.007933
0.946000 0.007820
0.947000 0.007707
0.948000 0.007593
0.949000 0.007480
0.950000 0.007367
0.951000 0.007310
0.952000 0.007197
0.953000 0.007083
0.954000 0.006970
0.955000 0.006913
0.956000 0.006800
0.957000 0.006687
0.958000 0.006630
0.959000 0.006517
0.960000 0.006403
0.961000 0.006347
0.962000 0.006233
0.963000 0.006177
0.964000 0.006063
0.965000 0.006007
0.966000 0.005893
0.967000 0.005837
0.968000 0.005723
0.969000 0.005667
0.970000 0.005610
0.971000 0.005497
0.972000 0.005440
0.973000 0.005383
0.974000 0.005270
0.975000 0.005213
0.976000 0.005157
0.977000 0.005100
0.978000 0.004987
0.979000 0.004930
0.980000 0.004873
0.981000 0.004817
0.982000 0.004760
0.983000 0.004703
0.984000 0.004647
0.985000 0.004533
0.986000 0.004477
0.987000 0.004420
0.988000 0.004363
0.989000 0.004307
0.990000 0.004250
0.991000 0.004193
0.992000 0.004137
0.993000 0.004080
0.994000 0.004023
0.995000 0.003967
0.996000 0.003910
0.997000 0.003853
0.998000 0.003853
0.999000 0.003797
1.000000 0.003740
1.001000 0.003683
1.002000 0.003627
1.003000 0.003570
1.004000 0.003513
1.005000 0.003513
1.006000 0.003457
1.007000 0.003400
1.008000 0.003343
1.009000 0.003287
1.010000 0.003287
1.011000 0.003230
1.012000 0.003173
1.013000 0.003117
1.014000 0.003117
1.015000 0.003060
1.016000 0.003003
1.017000 0.003003
1.018000 0.002947
1.019000 0.002890
1.020000 0.002890
1.021000 0.002833
1.022000 0.002777
1.023000 0.002777
1.024000 0.002720
1.025000 0.002663
1.026000 0.002663
1.027000 0.002607
1.028000 0.002607
1.029000 0.002550
1.030000 0.002493
1.031000 0.002493
1.032000 0.002437
1.033000 0.002437
1.034000 0.002380
1.035000 0.002380
1.036000 0.002323
1.037000 0.002323
1.038000 0.002267
1.039000 0.002267
1.040000 0.002210
1.041000 0.002210
1.042000 0.002153
1.043000 0.002153
1.044000 0.002097
1.045000 0.002097
1.046000 0.002040
1.047000 0.002040
1.048000 0.001983
1.049000 0.001983
1.050000 0.001927
1.051000 0.001927
1.052000 0.001927
1.053000 0.001870
1.054000 0.001870
1.055000 0.001813
1.056000 0.001813
1.057000 0.001813
1.058000 0.001757
1.059000 0.001757
1.060000 0.001700
1.061000 0.001700
1.062000 0.001700
1.063000 0.001643
1.064000 0.001643
1.065000 0.001643
1.066000 0.001587
1.067000 0.001587
1.068000 0.001530
1.069000 0.001530
1.070000 0.001530
1.071000 0.001473
1.072000 0.001473
1.073000 0.001473
1.074000 0.001473
1.075000 0.001417
1.076000 0.001417
1.077000 0.001417
1.078000 0.001360
1.079000 0.001360
1.080000 0.001360
1.081000 0.001303
1.082000 0.001303
1.083000 0.001303
1.084000 0.001303
1.085000 0.001247
1.086000 0.001247
1.087000 0.001247
1.088000 0.001247
1.089000 0.001190
1.090000 0.001190
1.091000 0.001190
1.092000 0.001133
1.093000 0.001133
1.094000 0.001133
1.095000 0.001133
1.096000 0.001133
1.097000 0.001077
1.098000 0.001077
1.099000 0.001077
