1100 64
0.000000 0.000000
0.001000 0.000000
0.002000 0.000000
0.003000 0.000000
0.004000 0.000000
0.005000 0.000000
0.006000 0.000000
0.007000 0.000000
0.008000 0.000000
0.009000 0.000000
0.010000 0.000000
0.011000 0.000000
0.012000 0.000000
0.013000 0.000000
0.014000 0.000000
0.015000 0.000000
0.016000 0.000000
0.017000 0.000000
0.018000 0.000000
0.019000 0.000000
0.020000 0.000000
0.021000 0.000000
0.022000 0.000000
0.023000 0.000000
0.024000 0.000000
0.025000 0.000000
0.026000 0.000000
0.027000 0.000000
0.028000 0.000000
0.029000 0.000000
0.030000 0.000000
0.031000 0.000000
0.032000 0.000000
0.033000 0.000000
0.034000 0.000000
0.035000 0.000000
0.036000 0.000000
0.037000 0.000000
0.038000 0.000000
0.039000 0.000000
0.040000 0.000000
0.041000 0.000000
0.042000 0.000000
0.043000 0.000000
0.044000 0.000000
0.045000 0.000000
0.046000 0.000000
0.047000 0.000000
0.048000 0.000000
0.049000 0.000000
0.050000 0.000000
0.051000 0.000000
0.052000 0.000000
0.053000 0.000000
0.054000 0.000000
0.055000 0.000000
0.056000 0.000000
0.057000 0.000000
0.058000 0.000000
0.059000 0.000000
0.060000 0.000000
0.061000 0.000000
0.062000 0.000000
0.063000 0.000000
0.064000 0.000000
0.065000 0.000000
0.066000 0.000000
0.067000 0.000000
0.068000 0.000000
0.069000 0.000000
0.070000 0.000000
0.071000 0.000000
0.072000 0.000000
0.073000 0.000000
0.074000 0.000000
0.075000 0.000000
0.076000 0.000000
0.077000 0.000000
0.078000 0.000000
0.079000 0.000000
0.080000 0.000000
0.081000 0.000000
0.082000 0.000000
0.083000 0.000000
0.084000 0.000000
0.085000 0.000000
0.086000 0.000000
0.087000 0.000000
0.088000 0.000000
0.089000 0.000000
0.090000 0.000000
0.091000 0.000000
0.092000 0.000000
0.093000 0.000000
0.094000 0.000000
0.095000 0.000000
0.096000 0.000000
0.097000 0.000000
0.098000 0.000000
0.099000 0.000000
0.100000 0.000000
0.101000 0.029900
0.102000 0.119600
0.103000 0.268883
0.104000 0.477750
0.105000 0.745550
0.106000 1.072283
0.107000 1.457083
0.108000 1.899733
0.109000 2.399367
0.110000 2.955333
0.111000 3.566767
0.112000 4.232800
0.113000 4.952783
0.114000 5.725417
0.115000 6.549617
0.116000 7.424300
0.117000 8.348383
0.118000 9.320567
0.119000 10.339550
0.120000 11.403817
0.121000 12.512500
0.122000 13.663650
0.123000 14.856183
0.124000 16.088367
0.125000 17.359117
0.126000 18.666483
0.127000 20.009167
0.128000 21.385433
0.129000 22.793983
0.130000 24.233300
0.131000 25.701433
0.132000 27.197300
0.133000 28.719167
0.134000 30.265300
0.135000 31.834617
0.136000 33.425167
0.137000 35.035650
0.138000 36.664767
0.139000 38.310783
0.140000 39.972400
0.141000 41.648100
0.142000 43.336800
0.143000 45.036983
0.144000 46.747350
0.145000 48.466600
0.146000 50.193433
0.147000 51.926767
0.148000 53.665300
0.149000 55.408167
0.150000 57.153850
0.151000 58.901700
0.152000 60.650417
0.153000 62.399133
0.154000 64.146767
0.155000 65.892667
0.156000 67.635750
0.157000 69.375150
0.158000 71.110217
0.159000 72.839867
0.160000 74.563883
0.161000 76.281183
0.162000 77.991117
0.163000 79.693250
0.164000 81.386933
0.165000 83.071300
0.166000 84.746350
0.167000 86.411217
0.168000 88.065467
0.169000 89.708883
0.170000 91.340817
0.171000 92.960833
0.172000 94.568717
0.173000 96.164250
0.174000 97.747000
0.175000 99.316533
0.176000 100.872850
0.177000 102.415733
0.178000 103.944750
0.179000 105.459683
0.180000 106.960533
0.181000 108.447083
0.182000 109.919333
0.183000 111.376850
0.184000 112.819850
0.185000 114.248117
0.186000 115.661650
0.187000 117.060017
0.188000 118.443867
0.189000 119.812550
0.190000 121.166283
0.191000 122.505067
0.192000 123.828900
0.193000 125.137783
0.194000 126.431933
0.195000 127.710917
0.196000 128.975383
0.197000 130.224900
0.198000 131.459683
0.199000 132.679733
0.200000 133.885483
0.201000 135.076500
0.202000 136.253217
0.203000 137.415417
0.204000 138.563533
0.205000 139.697567
0.206000 140.817517
0.207000 141.923600
0.208000 143.015817
0.209000 144.094600
0.210000 145.159517
0.211000 146.211217
0.212000 147.249483
0.213000 148.274750
0.214000 149.286800
0.215000 150.285850
0.216000 151.272333
0.217000 152.246033
0.218000 153.207167
0.219000 154.156167
0.220000 155.092817
0.221000 156.017333
0.222000 156.929933
0.223000 157.830617
0.224000 158.719600
0.225000 159.597100
0.226000 160.463333
0.227000 161.318083
0.228000 162.162000
0.229000 162.994650
0.230000 163.816683
0.231000 164.627883
0.232000 165.428467
0.233000 166.218650
0.234000 166.998650
0.235000 167.768250
0.236000 168.528100
0.237000 169.277983
0.238000 170.017900
0.239000 170.748500
0.240000 171.469350
0.241000 172.180883
0.242000 172.883317
0.243000 173.576650
0.244000 174.260883
0.245000 174.936233
0.246000 175.602700
0.247000 176.260717
0.248000 176.910283
0.249000 177.551400
0.250000 178.184283
0.251000 178.808933
0.252000 179.425783
0.253000 180.034400
0.254000 180.635433
0.255000 181.228667
0.256000 181.814317
0.257000 182.392600
0.258000 182.963517
0.259000 183.527067
0.260000 184.083467
0.261000 184.632717
0.262000 185.175033
0.263000 185.710633
0.264000 186.239300
0.265000 186.761250
0.266000 187.276700
0.267000 187.785867
0.268000 188.288317
0.269000 188.784700
0.270000 189.274800
0.271000 189.758833
0.272000 190.236800
0.273000 190.708700
0.274000 191.174750
0.275000 191.635167
0.276000 192.089733
0.277000 192.538667
0.278000 192.982183
0.279000 193.420067
0.280000 193.852750
0.281000 194.280017
0.282000 194.701867
0.283000 195.118733
0.284000 195.530400
0.285000 195.937083
0.286000 196.338783
0.287000 196.735500
0.288000 197.127450
0.289000 197.514633
0.290000 197.897050
0.291000 198.274917
0.292000 198.648017
0.293000 199.016783
0.294000 199.380783
0.295000 199.740667
0.296000 200.096000
0.297000 200.447000
0.298000 200.793883
0.299000 201.136433
0.300000 201.474867
0.301000 201.808967
0.302000 202.139167
0.303000 202.465467
0.304000 202.787650
0.305000 203.105933
0.306000 203.420317
0.307000 203.730800
0.308000 204.037383
0.309000 204.340283
0.310000 204.639500
0.311000 204.935033
0.312000 205.226667
0.313000 205.514833
0.314000 205.799317
0.315000 206.080333
0.316000 206.357667
0.317000 206.631533
0.318000 206.901933
0.319000 207.168650
0.320000 207.432117
0.321000 207.692117
0.322000 207.948650
0.323000 208.201717
0.324000 208.451533
0.325000 208.697883
0.326000 208.940983
0.327000 209.180617
0.328000 209.417000
0.329000 209.650133
0.330000 209.879800
0.331000 210.106217
0.332000 210.329383
0.333000 210.549083
0.334000 210.765533
0.335000 210.978733
0.336000 211.188467
0.337000 211.394950
0.338000 211.598183
0.339000 211.797950
0.340000 211.994467
0.341000 212.187517
0.342000 212.377317
0.343000 212.563650
0.344000 212.746517
0.345000 212.925917
0.346000 213.101850
0.347000 213.274100
0.348000 213.443100
0.349000 213.608417
0.350000 213.770050
0.351000 213.928217
0.352000 214.082483
0.353000 214.233067
0.354000 214.379967
0.355000 214.522967
0.356000 214.662067
0.357000 214.797267
0.358000 214.928567
0.359000 215.055750
0.360000 215.178817
0.361000 215.297550
0.362000 215.412167
0.363000 215.522450
0.364000 215.628183
0.365000 215.729367
0.366000 215.826217
0.367000 215.918300
0.368000 216.005617
0.369000 216.087950
0.370000 216.165300
0.371000 216.237883
0.372000 216.305050
0.373000 216.366800
0.374000 216.423350
0.375000 216.474267
0.376000 216.519550
0.377000 216.559200
0.378000 216.592783
0.379000 216.620300
0.380000 216.641533
0.381000 216.656483
0.382000 216.664933
0.383000 216.666667
0.384000 216.661683
0.385000 216.649550
0.386000 216.630267
0.387000 216.603617
0.388000 216.569383
0.389000 216.527567
0.390000 216.477733
0.391000 216.419883
0.392000 216.353583
0.393000 216.278617
0.394000 216.195200
0.395000 216.102683
0.396000 216.000850
0.397000 215.889700
0.398000 215.768800
0.399000 215.638150
0.400000 215.497317
0.401000 215.346083
0.402000 215.184017
0.403000 215.011117
0.404000 214.827167
0.405000 214.631733
0.406000 214.424383
0.407000 214.205117
0.408000 213.973717
0.409000 213.729533
0.410000 213.472567
0.411000 213.202383
0.412000 212.918983
0.413000 212.621500
0.414000 212.310150
0.415000 211.984283
0.416000 211.643900
0.417000 211.288350
0.418000 210.917633
0.419000 210.531100
0.420000 210.128967
0.421000 209.710367
0.422000 209.275083
0.423000 208.823117
0.424000 208.353817
0.425000 207.867183
0.426000 207.362567
0.427000 206.839750
0.428000 206.298733
0.429000 205.738867
0.430000 205.159933
0.431000 204.561717
0.432000 203.943783
0.433000 203.306133
0.434000 202.648117
0.435000 201.969950
0.436000 201.270767
0.437000 200.551000
0.438000 199.809783
0.439000 199.047333
0.440000 198.263000
0.441000 197.457217
0.442000 196.629117
0.443000 195.778917
0.444000 194.906400
0.445000 194.011567
0.446000 193.093983
0.447000 192.153650
0.448000 191.190567
0.449000 190.204517
0.450000 189.195500
0.451000 188.163517
0.452000 187.108567
0.453000 186.030867
0.454000 184.929983
0.455000 183.806133
0.456000 182.659750
0.457000 181.490400
0.458000 180.298733
0.459000 179.084533
0.460000 177.848233
0.461000 176.589617
0.462000 175.309550
0.463000 174.007817
0.464000 172.684633
0.465000 171.340867
0.466000 169.976300
0.467000 168.591583
0.468000 167.187150
0.469000 165.763217
0.470000 164.320217
0.471000 162.859017
0.472000 161.379617
0.473000 159.882883
0.474000 158.369250
0.475000 156.839150
0.476000 155.293450
0.477000 153.732583
0.478000 152.157200
0.479000 150.568167
0.480000 148.965917
0.481000 147.351100
0.482000 145.724800
0.483000 144.087450
0.484000 142.439700
0.485000 140.782633
0.486000 139.116683
0.487000 137.442933
0.488000 135.762033
0.489000 134.074850
0.490000 132.382033
0.491000 130.684450
0.492000 128.982967
0.493000 127.278450
0.494000 125.571767
0.495000 123.863350
0.496000 122.154283
0.497000 120.445433
0.498000 118.737667
0.499000 117.031417
0.500000 115.327767
0.501000 113.627367
0.502000 111.931083
0.503000 110.239567
0.504000 108.553683
0.505000 106.874083
0.506000 105.201417
0.507000 103.536333
0.508000 101.879700
0.509000 100.232167
0.510000 98.594167
0.511000 96.966567
0.512000 95.349583
0.513000 93.744300
0.514000 92.150717
0.515000 90.569917
0.516000 89.002117
0.517000 87.447750
0.518000 85.907250
0.519000 84.381483
0.520000 82.870233
0.521000 81.374583
0.522000 79.894317
0.523000 78.429867
0.524000 76.981883
0.525000 75.550583
0.526000 74.135967
0.527000 72.738467
0.528000 71.358300
0.529000 69.995683
0.530000 68.650833
0.531000 67.323967
0.532000 66.015083
0.533000 64.724400
0.534000 63.451917
0.535000 62.197850
0.536000 60.962200
0.537000 59.745183
0.538000 58.546583
0.539000 57.366617
0.540000 56.205067
0.541000 55.062150
0.542000 53.937650
0.543000 52.831783
0.544000 51.744117
0.545000 50.674867
0.546000 49.623817
0.547000 48.590967
0.548000 47.576100
0.549000 46.579217
0.550000 45.600100
0.551000 44.638750
0.552000 43.694950
0.553000 42.768267
0.554000 41.858917
0.555000 40.966683
0.556000 40.091133
0.557000 39.232483
0.558000 38.390083
0.559000 37.564150
0.560000 36.754250
0.561000 35.960167
0.562000 35.181900
0.563000 34.419017
0.564000 33.671517
0.565000 32.938967
0.566000 32.221150
0.567000 31.518283
0.568000 30.829500
0.569000 30.155017
0.570000 29.494617
0.571000 28.847867
0.572000 28.214550
0.573000 27.594667
0.574000 26.987783
0.575000 26.393683
0.576000 25.812150
0.577000 25.243183
0.578000 24.686350
0.579000 24.141433
0.580000 23.608217
0.581000 23.086700
0.582000 22.576450
0.583000 22.077250
0.584000 21.588883
0.585000 21.111133
0.586000 20.644000
0.587000 20.187050
0.588000 19.740283
0.589000 19.303267
0.590000 18.876000
0.591000 18.458267
0.592000 18.049633
0.593000 17.650100
0.594000 17.259667
0.595000 16.877900
0.596000 16.504583
0.597000 16.139500
0.598000 15.782867
0.599000 15.434033
0.600000 15.093217
0.601000 14.759983
0.602000 14.434117
0.603000 14.115833
0.604000 13.804483
0.605000 13.500500
0.606000 13.203017
0.607000 12.912467
0.608000 12.628417
0.609000 12.350867
0.610000 12.079600
0.611000 11.814617
0.612000 11.555483
0.613000 11.302200
0.614000 11.054550
0.615000 10.812750
0.616000 10.576367
0.617000 10.345400
0.618000 10.119633
0.619000 9.898850
0.620000 9.683267
0.621000 9.472450
0.622000 9.266617
0.623000 9.065333
0.624000 8.868600
0.625000 8.676200
0.626000 8.488350
0.627000 8.304617
0.628000 8.125217
0.629000 7.949933
0.630000 7.778333
0.631000 7.610850
0.632000 7.447050
0.633000 7.287150
0.634000 7.130717
0.635000 6.977750
0.636000 6.828250
0.637000 6.682217
0.638000 6.539433
0.639000 6.399900
0.640000 6.263400
0.641000 6.130150
0.642000 5.999717
0.643000 5.872317
0.644000 5.747733
0.645000 5.626183
0.646000 5.507017
0.647000 5.390667
0.648000 5.276917
0.649000 5.165767
0.650000 5.057000
0.651000 4.950833
0.652000 4.846833
0.653000 4.745217
0.654000 4.645983
0.655000 4.548700
0.656000 4.453800
0.657000 4.360850
0.658000 4.270067
0.659000 4.181450
0.660000 4.094567
0.661000 4.009633
0.662000 3.926650
0.663000 3.845400
0.664000 3.766100
0.665000 3.688317
0.666000 3.612483
0.667000 3.538167
0.668000 3.465583
0.669000 3.394517
0.670000 3.324967
0.671000 3.256933
0.672000 3.190417
0.673000 3.125417
0.674000 3.061933
0.675000 2.999533
0.676000 2.938650
0.677000 2.879067
0.678000 2.820783
0.679000 2.763800
0.680000 2.708117
0.681000 2.653517
0.682000 2.600217
0.683000 2.547783
0.684000 2.496867
0.685000 2.446817
0.686000 2.397850
0.687000 2.349967
0.688000 2.302950
0.689000 2.257233
0.690000 2.212383
0.691000 2.168400
0.692000 2.125283
0.693000 2.083250
0.694000 2.042083
0.695000 2.001783
0.696000 1.962350
0.697000 1.923783
0.698000 1.885867
0.699000 1.848817
0.700000 1.812633
0.701000 1.777100
0.702000 1.742433
0.703000 1.708417
0.704000 1.675267
0.705000 1.642550
0.706000 1.610700
0.707000 1.579500
0.708000 1.548950
0.709000 1.519050
0.710000 1.489583
0.711000 1.460983
0.712000 1.432817
0.713000 1.405300
0.714000 1.378217
0.715000 1.352000
0.716000 1.326000
0.717000 1.300650
0.718000 1.275950
0.719000 1.251683
0.720000 1.227850
0.721000 1.204450
0.722000 1.181700
0.723000 1.159167
0.724000 1.137283
0.725000 1.115833
0.726000 1.094817
0.727000 1.074233
0.728000 1.054083
0.729000 1.034150
0.730000 1.014867
0.731000 0.995800
0.732000 0.977383
0.733000 0.958967
0.734000 0.941200
0.735000 0.923650
0.736000 0.906533
0.737000 0.889633
0.738000 0.873167
0.739000 0.857133
0.740000 0.841317
0.741000 0.825717
0.742000 0.810550
0.743000 0.795600
0.744000 0.781083
0.745000 0.766783
0.746000 0.752700
0.747000 0.738833
0.748000 0.725400
0.749000 0.712183
0.750000 0.699183
0.751000 0.686617
0.752000 0.674050
0.753000 0.661917
0.754000 0.650000
0.755000 0.638083
0.756000 0.626600
0.757000 0.615333
0.758000 0.604283
0.759000 0.593450
0.760000 0.582833
0.761000 0.572433
0.762000 0.562250
0.763000 0.552067
0.764000 0.542317
0.765000 0.532567
0.766000 0.523250
0.767000 0.513933
0.768000 0.504833
0.769000 0.495733
0.770000 0.487067
0.771000 0.478400
0.772000 0.469950
0.773000 0.461717
0.774000 0.453700
0.775000 0.445683
0.776000 0.437883
0.777000 0.430300
0.778000 0.422717
0.779000 0.415350
0.780000 0.407983
0.781000 0.401050
0.782000 0.393900
0.783000 0.387183
0.784000 0.380467
0.785000 0.373967
0.786000 0.367467
0.787000 0.361183
0.788000 0.354900
0.789000 0.348833
0.790000 0.342767
0.791000 0.336917
0.792000 0.331067
0.793000 0.325433
0.794000 0.319800
0.795000 0.314383
0.796000 0.308967
0.797000 0.303767
0.798000 0.298567
0.799000 0.293583
0.800000 0.288600
0.801000 0.283833
0.802000 0.278850
0.803000 0.274300
0.804000 0.269533
0.805000 0.264983
0.806000 0.260650
0.807000 0.256317
0.808000 0.251983
0.809000 0.247650
0.810000 0.243533
0.811000 0.239633
0.812000 0.235517
0.813000 0.231617
0.814000 0.227717
0.815000 0.224033
0.816000 0.220350
0.817000 0.216667
0.818000 0.212983
0.819000 0.209517
0.820000 0.206050
0.821000 0.202583
0.822000 0.199333
0.823000 0.196083
0.824000 0.192833
0.825000 0.189800
0.826000 0.186550
0.827000 0.183517
0.828000 0.180483
0.829000 0.177667
0.830000 0.174633
0.831000 0.171817
0.832000 0.169217
0.833000 0.166400
0.834000 0.163583
0.835000 0.160983
0.836000 0.158383
0.837000 0.155783
0.838000 0.153400
0.839000 0.151017
0.840000 0.148417
0.841000 0.146033
0.842000 0.143867
0.843000 0.141483
0.844000 0.139317
0.845000 0.136933
0.846000 0.134767
0.847000 0.132600
0.848000 0.130650
0.849000 0.128483
0.850000 0.126533
0.851000 0.124367
0.852000 0.122417
0.853000 0.120467
0.854000 0.118733
0.855000 0.116783
0.856000 0.115050
0.857000 0.113100
0.858000 0.111367
0.859000 0.109633
0.860000 0.107900
0.861000 0.106167
0.862000 0.104650
0.863000 0.102917
0.864000 0.101400
0.865000 0.099883
0.866000 0.098150
0.867000 0.096633
0.868000 0.095117
0.869000 0.093817
0.870000 0.092300
0.871000 0.090783
0.872000 0.089483
0.873000 0.088183
0.874000 0.086667
0.875000 0.085367
0.876000 0.084067
0.877000 0.082767
0.878000 0.081467
0.879000 0.080383
0.880000 0.079083
0.881000 0.077783
0.882000 0.076700
0.883000 0.075617
0.884000 0.074317
0.885000 0.073233
0.886000 0.072150
0.887000 0.071067
0.888000 0.069983
0.889000 0.068900
0.890000 0.067817
0.891000 0.066950
0.892000 0.065867
0.893000 0.064783
0.894000 0.063917
0.895000 0.063050
0.896000 0.061967
0.897000 0.061100
0.898000 0.060233
0.899000 0.059367
0.900000 0.058500
0.901000 0.057633
0.902000 0.056767
0.903000 0.055900
0.904000 0.055033
0.905000 0.054167
0.906000 0.053517
0.907000 0.052650
0.908000 0.051783
0.909000 0.051133
0.910000 0.050267
0.911000 0.049617
0.912000 0.048967
0.913000 0.048100
0.914000 0.047450
0.915000 0.046800
0.916000 0.046150
0.917000 0.045500
0.918000 0.044850
0.919000 0.044200
0.920000 0.043550
0.921000 0.042900
0.922000 0.042250
0.923000 0.041600
0.924000 0.040950
0.925000 0.040517
0.926000 0.039867
0.927000 0.039217
0.928000 0.038783
0.929000 0.038133
0.930000 0.037483
0.931000 0.037050
0.932000 0.036617
0.933000 0.035967
0.934000 0.035533
0.935000 0.034883
0.936000 0.034450
0.937000 0.034017
0.938000 0.033583
0.939000 0.032933
0.940000 0.032500
0.941000 0.032067
0.942000 0.031633
0.943000 0.031200
0.944000 0.030767
0.945000 0.030333
0.946000 0.029900
0.947000 0.029467
0.948000 0.029033
0.949000 0.028600
0.950000 0.028167
0.951000 0.027950
0.952000 0.027517
0.953000 0.027083
0.954000 0.026650
0.955000 0.026433
0.956000 0.026000
0.957000 0.025567
0.958000 0.025350
0.959000 0.024917
0.960000 0.024483
0.961000 0.024267
0.962000 0.023833
0.963000 0.023617
0.964000 0.023183
0.965000 0.022967
0.966000 0.022533
0.967000 0.022317
0.968000 0.021883
0.969000 0.021667
0.970000 0.021450
0.971000 0.021017
0.972000 0.020800
0.973000 0.020583
0.974000 0.020150
0.975000 0.019933
0.976000 0.019717
0.977000 0.019500
0.978000 0.019067
0.979000 0.018850
0.980000 0.018633
0.981000 0.018417
0.982000 0.018200
0.983000 0.017983
0.984000 0.017767
0.985000 0.017333
0.986000 0.017117
0.987000 0.016900
0.988000 0.016683
0.989000 0.016467
0.990000 0.016250
0.991000 0.016033
0.992000 0.015817
0.993000 0.015600
0.994000 0.015383
0.995000 0.015167
0.996000 0.014950
0.997000 0.014733
0.998000 0.014733
0.999000 0.014517
1.000000 0.014300
1.001000 0.014083
1.002000 0.013867
1.003000 0.013650
1.004000 0.013433
1.005000 0.013433
1.006000 0.013217
1.007000 0.013000
1.008000 0.012783
1.009000 0.012567
1.010000 0.012567
1.011000 0.012350
1.012000 0.012133
1.013000 0.011917
1.014000 0.011917
1.015000 0.011700
1.016000 0.011483
1.017000 0.011483
1.018000 0.011267
1.019000 0.011050
1.020000 0.011050
1.021000 0.010833
1.022000 0.010617
1.023000 0.010617
1.024000 0.010400
1.025000 0.010183
1.026000 0.010183
1.027000 0.009967
1.028000 0.009967
1.029000 0.009750
1.030000 0.009533
1.031000 0.009533
1.032000 0.009317
1.033000 0.009317
1.034000 0.009100
1.035000 0.009100
1.036000 0.008883
1.037000 0.008883
1.038000 0.008667
1.039000 0.008667
1.040000 0.008450
1.041000 0.008450
1.042000 0.008233
1.043000 0.008233
1.044000 0.008017
1.045000 0.008017
1.046000 0.007800
1.047000 0.007800
1.048000 0.007583
1.049000 0.007583
1.050000 0.007367
1.051000 0.007367
1.052000 0.007367
1.053000 0.007150
1.054000 0.007150
1.055000 0.006933
1.056000 0.006933
1.057000 0.006933
1.058000 0.006717
1.059000 0.006717
1.060000 0.006500
1.061000 0.006500
1.062000 0.006500
1.063000 0.006283
1.064000 0.006283
1.065000 0.006283
1.066000 0.006067
1.067000 0.006067
1.068000 0.005850
1.069000 0.005850
1.070000 0.005850
1.071000 0.005633
1.072000 0.005633
1.073000 0.005633
1.074000 0.005633
1.075000 0.005417
1.076000 0.005417
1.077000 0.005417
1.078000 0.005200
1.079000 0.005200
1.080000 0.005200
1.081000 0.004983
1.082000 0.004983
1.083000 0.004983
1.084000 0.004983
1.085000 0.004767
1.086000 0.004767
1.087000 0.004767
1.088000 0.004767
1.089000 0.004550
1.090000 0.004550
1.091000 0.004550
1.092000 0.004333
1.093000 0.004333
1.094000 0.004333
1.095000 0.004333
1.096000 0.004333
1.097000 0.004117
1.098000 0.004117
1.099000 0.004117
