1100 64
0.000000 0.000000
0.001000 0.000000
0.002000 0.000000
0.003000 0.000000
0.004000 0.000000
0.005000 0.000000
0.006000 0.000000
0.007000 0.000000
0.008000 0.000000
0.009000 0.000000
0.010000 0.000000
0.011000 0.000000
0.012000 0.000000
0.013000 0.000000
0.014000 0.000000
0.015000 0.000000
0.016000 0.000000
0.017000 0.000000
0.018000 0.000000
0.019000 0.000000
0.020000 0.000000
0.021000 0.000000
0.022000 0.000000
0.023000 0.000000
0.024000 0.000000
0.025000 0.000000
0.026000 0.000000
0.027000 0.000000
0.028000 0.000000
0.029000 0.000000
0.030000 0.000000
0.031000 0.000000
0.032000 0.000000
0.033000 0.000000
0.034000 0.000000
0.035000 0.000000
0.036000 0.000000
0.037000 0.000000
0.038000 0.000000
0.039000 0.000000
0.040000 0.000000
0.041000 0.000000
0.042000 0.000000
0.043000 0.000000
0.044000 0.000000
0.045000 0.000000
0.046000 0.000000
0.047000 0.000000
0.048000 0.000000
0.049000 0.000000
0.050000 0.000000
0.051000 0.000000
0.052000 0.000000
0.053000 0.000000
0.054000 0.000000
0.055000 0.000000
0.056000 0.000000
0.057000 0.000000
0.058000 0.000000
0.059000 0.000000
0.060000 0.000000
0.061000 0.000000
0.062000 0.000000
0.063000 0.000000
0.064000 0.000000
0.065000 0.000000
0.066000 0.000000
0.067000 0.000000
0.068000 0.000000
0.069000 0.000000
0.070000 0.000000
0.071000 0.000000
0.072000 0.000000
0.073000 0.000000
0.074000 0.000000
0.075000 0.000000
0.076000 0.000000
0.077000 0.000000
0.078000 0.000000
0.079000 0.000000
0.080000 0.000000
0.081000 0.000000
0.082000 0.000000
0.083000 0.000000
0.084000 0.000000
0.085000 0.000000
0.086000 0.000000
0.087000 0.000000
0.088000 0.000000
0.089000 0.000000
0.090000 0.000000
0.091000 0.000000
0.092000 0.000000
0.093000 0.000000
0.094000 0.000000
0.095000 0.000000
0.096000 0.000000
0.097000 0.000000
0.098000 0.000000
0.099000 0.000000
0.100000 0.000000
0.101000 0.019743
0.102000 0.078973
0.103000 0.177547
0.104000 0.315464
0.105000 0.492296
0.106000 0.708042
0.107000 0.962130
0.108000 1.254418
0.109000 1.584332
0.110000 1.951443
0.111000 2.355180
0.112000 2.794970
0.113000 3.270384
0.114000 3.780564
0.115000 4.324793
0.116000 4.902357
0.117000 5.512541
0.118000 6.154486
0.119000 6.827333
0.120000 7.530082
0.121000 8.262159
0.122000 9.022278
0.123000 9.809722
0.124000 10.623348
0.125000 11.462440
0.126000 12.325711
0.127000 13.212301
0.128000 14.121067
0.129000 15.051150
0.130000 16.001549
0.131000 16.970976
0.132000 17.958715
0.133000 18.963622
0.134000 19.984553
0.135000 21.020793
0.136000 22.071053
0.137000 23.134475
0.138000 24.210201
0.139000 25.297086
0.140000 26.394272
0.141000 27.500758
0.142000 28.615827
0.143000 29.738479
0.144000 30.867856
0.145000 32.003098
0.146000 33.143347
0.147000 34.287889
0.148000 35.435864
0.149000 36.586700
0.150000 37.739397
0.151000 38.893524
0.152000 40.048223
0.153000 41.202922
0.154000 42.356906
0.155000 43.509746
0.156000 44.660725
0.157000 45.809273
0.158000 46.954959
0.159000 48.097068
0.160000 49.235458
0.161000 50.369412
0.162000 51.498503
0.163000 52.622442
0.164000 53.740803
0.165000 54.853011
0.166000 55.959067
0.167000 57.058399
0.168000 58.150721
0.169000 59.235890
0.170000 60.313475
0.171000 61.383192
0.172000 62.444898
0.173000 63.498448
0.174000 64.543558
0.175000 65.579940
0.176000 66.607595
0.177000 67.626380
0.178000 68.636009
0.179000 69.636338
0.180000 70.627368
0.181000 71.608956
0.182000 72.581101
0.183000 73.543517
0.184000 74.496348
0.185000 75.439450
0.186000 76.372824
0.187000 77.296182
0.188000 78.209956
0.189000 79.113714
0.190000 80.007601
0.191000 80.891617
0.192000 81.765760
0.193000 82.630032
0.194000 83.484575
0.195000 84.329104
0.196000 85.164047
0.197000 85.989118
0.198000 86.804461
0.199000 87.610075
0.200000 88.406247
0.201000 89.192690
0.202000 89.969691
0.203000 90.737106
0.204000 91.495221
0.205000 92.244038
0.206000 92.983555
0.207000 93.713915
0.208000 94.435119
0.209000 95.147453
0.210000 95.850631
0.211000 96.545082
0.212000 97.230662
0.213000 97.907658
0.214000 98.575928
0.215000 99.235613
0.216000 99.887000
0.217000 100.529946
0.218000 101.164594
0.219000 101.791231
0.220000 102.409712
0.221000 103.020182
0.222000 103.622783
0.223000 104.217516
0.224000 104.804523
0.225000 105.383947
0.226000 105.955931
0.227000 106.520333
0.228000 107.077582
0.229000 107.627391
0.230000 108.170190
0.231000 108.705835
0.232000 109.234471
0.233000 109.756238
0.234000 110.271282
0.235000 110.779459
0.236000 111.281197
0.237000 111.776354
0.238000 112.264930
0.239000 112.747355
0.240000 113.223341
0.241000 113.693175
0.242000 114.157001
0.243000 114.614817
0.244000 115.066625
0.245000 115.512567
0.246000 115.952643
0.247000 116.387140
0.248000 116.816057
0.249000 117.239394
0.250000 117.657295
0.251000 118.069759
0.252000 118.477073
0.253000 118.878950
0.254000 119.275819
0.255000 119.667539
0.256000 120.054251
0.257000 120.436098
0.258000 120.813082
0.259000 121.185201
0.260000 121.552599
0.261000 121.915275
0.262000 122.273374
0.263000 122.627037
0.264000 122.976122
0.265000 123.320772
0.266000 123.661130
0.267000 123.997339
0.268000 124.329113
0.269000 124.656881
0.270000 124.980501
0.271000 125.300114
0.272000 125.615721
0.273000 125.927322
0.274000 126.235061
0.275000 126.539080
0.276000 126.839236
0.277000 127.135672
0.278000 127.428532
0.279000 127.717672
0.280000 128.003378
0.281000 128.285507
0.282000 128.564060
0.283000 128.839322
0.284000 129.111151
0.285000 129.379689
0.286000 129.644936
0.287000 129.906893
0.288000 130.165703
0.289000 130.421365
0.290000 130.673879
0.291000 130.923389
0.292000 131.169752
0.293000 131.413253
0.294000 131.653607
0.295000 131.891242
0.296000 132.125873
0.297000 132.357643
0.298000 132.586694
0.299000 132.812884
0.300000 133.036356
0.301000 133.256966
0.302000 133.475002
0.303000 133.690461
0.304000 133.903203
0.305000 134.113370
0.306000 134.320961
0.307000 134.525977
0.308000 134.728418
0.309000 134.928426
0.310000 135.126003
0.311000 135.321147
0.312000 135.513716
0.313000 135.703996
0.314000 135.891844
0.315000 136.077403
0.316000 136.260529
0.317000 136.441367
0.318000 136.619916
0.319000 136.796032
0.320000 136.970002
0.321000 137.141683
0.322000 137.311076
0.323000 137.478179
0.324000 137.643136
0.325000 137.805804
0.326000 137.966326
0.327000 138.124558
0.328000 138.280645
0.329000 138.434586
0.330000 138.586238
0.331000 138.735744
0.332000 138.883103
0.333000 139.028174
0.334000 139.171099
0.335000 139.311877
0.336000 139.450367
0.337000 139.586710
0.338000 139.720908
0.339000 139.852816
0.340000 139.982578
0.341000 140.110052
0.342000 140.235379
0.343000 140.358417
0.344000 140.479166
0.345000 140.597626
0.346000 140.713797
0.347000 140.827536
0.348000 140.939129
0.349000 141.048290
0.350000 141.155018
0.351000 141.259458
0.352000 141.361322
0.353000 141.460754
0.354000 141.557754
0.355000 141.652178
0.356000 141.744028
0.357000 141.833302
0.358000 141.920001
0.359000 142.003982
0.360000 142.085244
0.361000 142.163645
0.362000 142.239328
0.363000 142.312150
0.364000 142.381967
0.365000 142.448779
0.366000 142.512731
0.367000 142.573534
0.368000 142.631191
0.369000 142.685556
0.370000 142.736632
0.371000 142.784559
0.372000 142.828910
0.373000 142.869684
0.374000 142.907025
0.375000 142.940646
0.376000 142.970547
0.377000 142.996729
0.378000 143.018904
0.379000 143.037074
0.380000 143.051094
0.381000 143.060966
0.382000 143.066546
0.383000 143.067690
0.384000 143.064400
0.385000 143.056388
0.386000 143.043655
0.387000 143.026057
0.388000 143.003453
0.389000 142.975841
0.390000 142.942935
0.391000 142.904736
0.392000 142.860957
0.393000 142.811456
0.394000 142.756375
0.395000 142.695285
0.396000 142.628043
0.397000 142.554649
0.398000 142.474818
0.399000 142.388548
0.400000 142.295554
0.401000 142.195693
0.402000 142.088678
0.403000 141.974510
0.404000 141.853045
0.405000 141.723998
0.406000 141.587083
0.407000 141.442298
0.408000 141.289502
0.409000 141.128265
0.410000 140.958586
0.411000 140.780181
0.412000 140.593048
0.413000 140.396616
0.414000 140.191028
0.415000 139.975854
0.416000 139.751095
0.417000 139.516321
0.418000 139.271532
0.419000 139.016299
0.420000 138.750766
0.421000 138.474359
0.422000 138.186936
0.423000 137.888497
0.424000 137.578612
0.425000 137.257282
0.426000 136.924077
0.427000 136.578855
0.428000 136.221615
0.429000 135.851928
0.430000 135.469651
0.431000 135.074641
0.432000 134.666612
0.433000 134.245564
0.434000 133.811068
0.435000 133.363266
0.436000 132.901586
0.437000 132.426315
0.438000 131.936881
0.439000 131.433426
0.440000 130.915521
0.441000 130.383452
0.442000 129.836647
0.443000 129.275249
0.444000 128.699116
0.445000 128.108246
0.446000 127.502355
0.447000 126.881441
0.448000 126.245505
0.449000 125.594404
0.450000 124.928138
0.451000 124.246706
0.452000 123.550110
0.453000 122.838491
0.454000 122.111564
0.455000 121.369472
0.456000 120.612501
0.457000 119.840365
0.458000 119.053492
0.459000 118.251741
0.460000 117.435397
0.461000 116.604316
0.462000 115.759073
0.463000 114.899522
0.464000 114.025807
0.465000 113.138502
0.466000 112.237461
0.467000 111.323116
0.468000 110.395751
0.469000 109.455510
0.470000 108.502679
0.471000 107.537831
0.472000 106.560965
0.473000 105.572653
0.474000 104.573182
0.475000 103.562838
0.476000 102.542193
0.477000 101.511534
0.478000 100.471288
0.479000 99.422030
0.480000 98.364044
0.481000 97.297761
0.482000 96.223895
0.483000 95.142732
0.484000 94.054702
0.485000 92.960521
0.486000 91.860473
0.487000 90.755275
0.488000 89.645356
0.489000 88.531288
0.490000 87.413500
0.491000 86.292565
0.492000 85.169054
0.493000 84.043541
0.494000 82.916597
0.495000 81.788508
0.496000 80.659990
0.497000 79.531615
0.498000 78.403956
0.499000 77.277298
0.500000 76.152356
0.501000 75.029561
0.502000 73.909484
0.503000 72.792555
0.504000 71.679345
0.505000 70.570284
0.506000 69.465802
0.507000 68.366326
0.508000 67.272431
0.509000 66.184544
0.510000 65.102952
0.511000 64.028228
0.512000 62.960514
0.513000 61.900525
0.514000 60.848262
0.515000 59.804441
0.516000 58.769203
0.517000 57.742835
0.518000 56.725624
0.519000 55.718141
0.520000 54.720244
0.521000 53.732648
0.522000 52.755209
0.523000 51.788215
0.524000 50.832093
0.525000 49.886988
0.526000 48.952899
0.527000 48.030113
0.528000 47.118771
0.529000 46.219019
0.530000 45.330998
0.531000 44.454851
0.532000 43.590579
0.533000 42.738325
0.534000 41.898088
0.535000 41.070013
0.536000 40.254098
0.537000 39.450486
0.538000 38.659036
0.539000 37.879889
0.540000 37.112903
0.541000 36.358221
0.542000 35.615700
0.543000 34.885483
0.544000 34.167283
0.545000 33.461244
0.546000 32.767222
0.547000 32.085219
0.548000 31.415090
0.549000 30.756835
0.550000 30.110312
0.551000 29.475521
0.552000 28.852318
0.553000 28.240417
0.554000 27.639962
0.555000 27.050810
0.556000 26.472673
0.557000 25.905696
0.558000 25.349449
0.559000 24.804075
0.560000 24.269288
0.561000 23.744945
0.562000 23.231045
0.563000 22.727304
0.564000 22.233721
0.565000 21.750009
0.566000 21.276025
0.567000 20.811914
0.568000 20.357102
0.569000 19.911732
0.570000 19.475662
0.571000 19.048605
0.572000 18.630418
0.573000 18.221101
0.574000 17.820368
0.575000 17.428077
0.576000 17.044083
0.577000 16.668387
0.578000 16.300703
0.579000 15.940888
0.580000 15.588799
0.581000 15.244435
0.582000 14.907510
0.583000 14.577882
0.584000 14.255408
0.585000 13.939943
0.586000 13.631490
0.587000 13.329760
0.588000 13.034754
0.589000 12.746187
0.590000 12.464057
0.591000 12.188223
0.592000 11.918397
0.593000 11.654580
0.594000 11.396772
0.595000 11.144687
0.596000 10.898181
0.597000 10.657112
0.598000 10.421623
0.599000 10.191284
0.600000 9.966238
0.601000 9.746200
0.602000 9.531026
0.603000 9.320860
0.604000 9.115272
0.605000 8.914548
0.606000 8.718116
0.607000 8.526262
0.608000 8.338700
0.609000 8.155431
0.610000 7.976310
0.611000 7.801338
0.612000 7.630229
0.613000 7.462983
0.614000 7.299457
0.615000 7.139793
0.616000 6.983706
0.617000 6.831196
0.618000 6.682120
0.619000 6.536334
0.620000 6.393981
0.621000 6.254776
0.622000 6.118862
0.623000 5.985952
0.624000 5.856047
0.625000 5.729003
0.626000 5.604963
0.627000 5.483641
0.628000 5.365181
0.629000 5.249440
0.630000 5.136130
0.631000 5.025539
0.632000 4.917380
0.633000 4.811796
0.634000 4.708501
0.635000 4.607495
0.636000 4.508778
0.637000 4.412351
0.638000 4.318069
0.639000 4.225933
0.640000 4.135801
0.641000 4.047814
0.642000 3.961687
0.643000 3.877564
0.644000 3.795300
0.645000 3.715039
0.646000 3.636351
0.647000 3.559524
0.648000 3.484414
0.649000 3.411020
0.650000 3.339200
0.651000 3.269097
0.652000 3.200424
0.653000 3.133325
0.654000 3.067800
0.655000 3.003563
0.656000 2.940899
0.657000 2.879523
0.658000 2.819578
0.659000 2.761063
0.660000 2.703693
0.661000 2.647611
0.662000 2.592816
0.663000 2.539165
0.664000 2.486803
0.665000 2.435441
0.666000 2.385368
0.667000 2.336295
0.668000 2.288368
0.669000 2.241442
0.670000 2.195517
0.671000 2.150594
0.672000 2.106672
0.673000 2.063751
0.674000 2.021833
0.675000 1.980629
0.676000 1.940427
0.677000 1.901083
0.678000 1.862598
0.679000 1.824971
0.680000 1.788203
0.681000 1.752150
0.682000 1.716955
0.683000 1.682333
0.684000 1.648712
0.685000 1.615663
0.686000 1.583330
0.687000 1.551712
0.688000 1.520666
0.689000 1.490479
0.690000 1.460864
0.691000 1.431821
0.692000 1.403351
0.693000 1.375596
0.694000 1.348413
0.695000 1.321802
0.696000 1.295764
0.697000 1.270298
0.698000 1.245261
0.699000 1.220797
0.700000 1.196904
0.701000 1.173441
0.702000 1.150550
0.703000 1.128089
0.704000 1.106199
0.705000 1.084596
0.706000 1.063565
0.707000 1.042963
0.708000 1.022791
0.709000 1.003048
0.710000 0.983590
0.711000 0.964705
0.712000 0.946107
0.713000 0.927937
0.714000 0.910054
0.715000 0.892742
0.716000 0.875574
0.717000 0.858835
0.718000 0.842526
0.719000 0.826502
0.720000 0.810765
0.721000 0.795313
0.722000 0.780291
0.723000 0.765412
0.724000 0.750962
0.725000 0.736799
0.726000 0.722921
0.727000 0.709330
0.728000 0.696024
0.729000 0.682862
0.730000 0.670129
0.731000 0.657539
0.732000 0.645378
0.733000 0.633218
0.734000 0.621486
0.735000 0.609898
0.736000 0.598595
0.737000 0.587436
0.738000 0.576563
0.739000 0.565976
0.740000 0.555532
0.741000 0.545231
0.742000 0.535216
0.743000 0.525345
0.744000 0.515759
0.745000 0.506317
0.746000 0.497017
0.747000 0.487861
0.748000 0.478991
0.749000 0.470263
0.750000 0.461679
0.751000 0.453382
0.752000 0.445084
0.753000 0.437072
0.754000 0.429203
0.755000 0.421334
0.756000 0.413752
0.757000 0.406312
0.758000 0.399016
0.759000 0.391862
0.760000 0.384852
0.761000 0.377985
0.762000 0.371261
0.763000 0.364536
0.764000 0.358098
0.765000 0.351660
0.766000 0.345508
0.767000 0.339357
0.768000 0.333348
0.769000 0.327339
0.770000 0.321616
0.771000 0.315893
0.772000 0.310314
0.773000 0.304877
0.774000 0.299584
0.775000 0.294290
0.776000 0.289140
0.777000 0.284132
0.778000 0.279125
0.779000 0.274261
0.780000 0.269396
0.781000 0.264818
0.782000 0.260097
0.783000 0.255662
0.784000 0.251227
0.785000 0.246935
0.786000 0.242643
0.787000 0.238494
0.788000 0.234345
0.789000 0.230339
0.790000 0.226333
0.791000 0.222470
0.792000 0.218607
0.793000 0.214888
0.794000 0.211168
0.795000 0.207591
0.796000 0.204015
0.797000 0.200581
0.798000 0.197147
0.799000 0.193857
0.800000 0.190566
0.801000 0.187419
0.802000 0.184128
0.803000 0.181124
0.804000 0.177976
0.805000 0.174972
0.806000 0.172110
0.807000 0.169249
0.808000 0.166388
0.809000 0.163526
0.810000 0.160808
0.811000 0.158233
0.812000 0.155515
0.813000 0.152939
0.814000 0.150364
0.815000 0.147932
0.816000 0.145500
0.817000 0.143068
0.818000 0.140636
0.819000 0.138346
0.820000 0.136057
0.821000 0.133768
0.822000 0.131622
0.823000 0.129476
0.824000 0.127330
0.825000 0.125327
0.826000 0.123181
0.827000 0.121178
0.828000 0.119175
0.829000 0.117316
0.830000 0.115313
0.831000 0.113453
0.832000 0.111736
0.833000 0.109876
0.834000 0.108016
0.835000 0.106299
0.836000 0.104582
0.837000 0.102866
0.838000 0.101292
0.839000 0.099718
0.840000 0.098001
0.841000 0.096428
0.842000 0.094997
0.843000 0.093423
0.844000 0.091993
0.845000 0.090419
0.846000 0.088988
0.847000 0.087557
0.848000 0.086270
0.849000 0.084839
0.850000 0.083552
0.851000 0.082121
0.852000 0.080833
0.853000 0.079546
0.854000 0.078401
0.855000 0.077113
0.856000 0.075969
0.857000 0.074681
0.858000 0.073537
0.859000 0.072392
0.860000 0.071248
0.861000 0.070103
0.862000 0.069102
0.863000 0.067957
0.864000 0.066956
0.865000 0.065954
0.866000 0.064810
0.867000 0.063808
0.868000 0.062807
0.869000 0.061948
0.870000 0.060947
0.871000 0.059945
0.872000 0.059087
0.873000 0.058229
0.874000 0.057227
0.875000 0.056369
0.876000 0.055510
0.877000 0.054652
0.878000 0.053793
0.879000 0.053078
0.880000 0.052220
0.881000 0.051361
0.882000 0.050646
0.883000 0.049931
0.884000 0.049072
0.885000 0.048357
0.886000 0.047642
0.887000 0.046926
0.888000 0.046211
0.889000 0.045496
0.890000 0.044780
0.891000 0.044208
0.892000 0.043493
0.893000 0.042777
0.894000 0.042205
0.895000 0.041633
0.896000 0.040917
0.897000 0.040345
0.898000 0.039773
0.899000 0.039201
0.900000 0.038628
0.901000 0.038056
0.902000 0.037484
0.903000 0.036911
0.904000 0.036339
0.905000 0.035767
0.906000 0.035338
0.907000 0.034765
0.908000 0.034193
0.909000 0.033764
0.910000 0.033192
0.911000 0.032763
0.912000 0.032333
0.913000 0.031761
0.914000 0.031332
0.915000 0.030903
0.916000 0.030473
0.917000 0.030044
0.918000 0.029615
0.919000 0.029186
0.920000 0.028757
0.921000 0.028327
0.922000 0.027898
0.923000 0.027469
0.924000 0.027040
0.925000 0.026754
0.926000 0.026324
0.927000 0.025895
0.928000 0.025609
0.929000 0.025180
0.930000 0.024751
0.931000 0.024465
0.932000 0.024178
0.933000 0.023749
0.934000 0.023463
0.935000 0.023034
0.936000 0.022748
0.937000 0.022462
0.938000 0.022175
0.939000 0.021746
0.940000 0.021460
0.941000 0.021174
0.942000 0.020888
0.943000 0.020602
0.944000 0.020316
0.945000 0.020029
0.946000 0.019743
0.947000 0.019457
0.948000 0.019171
0.949000 0.018885
0.950000 0.018599
0.951000 0.018456
0.952000 0.018170
0.953000 0.017883
0.954000 0.017597
0.955000 0.017454
0.956000 0.017168
0.957000 0.016882
0.958000 0.016739
0.959000 0.016453
0.960000 0.016167
0.961000 0.016024
0.962000 0.015737
0.963000 0.015594
0.964000 0.015308
0.965000 0.015165
0.966000 0.014879
0.967000 0.014736
0.968000 0.014450
0.969000 0.014307
0.970000 0.014164
0.971000 0.013878
0.972000 0.013734
0.973000 0.013591
0.974000 0.013305
0.975000 0.013162
0.976000 0.013019
0.977000 0.012876
0.978000 0.012590
0.979000 0.012447
0.980000 0.012304
0.981000 0.012161
0.982000 0.012018
0.983000 0.011875
0.984000 0.011732
0.985000 0.011445
0.986000 0.011302
0.987000 0.011159
0.988000 0.011016
0.989000 0.010873
0.990000 0.010730
0.991000 0.010587
0.992000 0.010444
0.993000 0.010301
0.994000 0.010158
0.995000 0.010015
0.996000 0.009872
0.997000 0.009729
0.998000 0.009729
0.999000 0.009586
1.000000 0.009442
1.001000 0.009299
1.002000 0.009156
1.003000 0.009013
1.004000 0.008870
1.005000 0.008870
1.006000 0.008727
1.007000 0.008584
1.008000 0.008441
1.009000 0.008298
1.010000 0.008298
1.011000 0.008155
1.012000 0.008012
1.013000 0.007869
1.014000 0.007869
1.015000 0.007726
1.016000 0.007583
1.017000 0.007583
1.018000 0.007440
1.019000 0.007296
1.020000 0.007296
1.021000 0.007153
1.022000 0.007010
1.023000 0.007010
1.024000 0.006867
1.025000 0.006724
1.026000 0.006724
1.027000 0.006581
1.028000 0.006581
1.029000 0.006438
1.030000 0.006295
1.031000 0.006295
1.032000 0.006152
1.033000 0.006152
1.034000 0.006009
1.035000 0.006009
1.036000 0.005866
1.037000 0.005866
1.038000 0.005723
1.039000 0.005723
1.040000 0.005580
1.041000 0.005580
1.042000 0.005437
1.043000 0.005437
1.044000 0.005294
1.045000 0.005294
1.046000 0.005150
1.047000 0.005150
1.048000 0.005007
1.049000 0.005007
1.050000 0.004864
1.051000 0.004864
1.052000 0.004864
1.053000 0.004721
1.054000 0.004721
1.055000 0.004578
1.056000 0.004578
1.057000 0.004578
1.058000 0.004435
1.059000 0.004435
1.060000 0.004292
1.061000 0.004292
1.062000 0.004292
1.063000 0.004149
1.064000 0.004149
1.065000 0.004149
1.066000 0.004006
1.067000 0.004006
1.068000 0.003863
1.069000 0.003863
1.070000 0.003863
1.071000 0.003720
1.072000 0.003720
1.073000 0.003720
1.074000 0.003720
1.075000 0.003577
1.076000 0.003577
1.077000 0.003577
1.078000 0.003434
1.079000 0.003434
1.080000 0.003434
1.081000 0.003291
1.082000 0.003291
1.083000 0.003291
1.084000 0.003291
1.085000 0.003147
1.086000 0.003147
1.087000 0.003147
1.088000 0.003147
1.089000 0.003004
1.090000 0.003004
1.091000 0.003004
1.092000 0.002861
1.093000 0.002861
1.094000 0.002861
1.095000 0.002861
1.096000 0.002861
1.097000 0.002718
1.098000 0.002718
1.099000 0.002718
