1100 64
0.000000 0.000000
0.001000 0.000000
0.002000 0.000000
0.003000 0.000000
0.004000 0.000000
0.005000 0.000000
0.006000 0.000000
0.007000 0.000000
0.008000 0.000000
0.009000 0.000000
0.010000 0.000000
0.011000 0.000000
0.012000 0.000000
0.013000 0.000000
0.014000 0.000000
0.015000 0.000000
0.016000 0.000000
0.017000 0.000000
0.018000 0.000000
0.019000 0.000000
0.020000 0.000000
0.021000 0.000000
0.022000 0.000000
0.023000 0.000000
0.024000 0.000000
0.025000 0.000000
0.026000 0.000000
0.027000 0.000000
0.028000 0.000000
0.029000 0.000000
0.030000 0.000000
0.031000 0.000000
0.032000 0.000000
0.033000 0.000000
0.034000 0.000000
0.035000 0.000000
0.036000 0.000000
0.037000 0.000000
0.038000 0.000000
0.039000 0.000000
0.040000 0.000000
0.041000 0.000000
0.042000 0.000000
0.043000 0.000000
0.044000 0.000000
0.045000 0.000000
0.046000 0.000000
0.047000 0.000000
0.048000 0.000000
0.049000 0.000000
0.050000 0.000000
0.051000 0.000000
0.052000 0.000000
0.053000 0.000000
0.054000 0.000000
0.055000 0.000000
0.056000 0.000000
0.057000 0.000000
0.058000 0.000000
0.059000 0.000000
0.060000 0.000000
0.061000 0.000000
0.062000 0.000000
0.063000 0.000000
0.064000 0.000000
0.065000 0.000000
0.066000 0.000000
0.067000 0.000000
0.068000 0.000000
0.069000 0.000000
0.070000 0.000000
0.071000 0.000000
0.072000 0.000000
0.073000 0.000000
0.074000 0.000000
0.075000 0.000000
0.076000 0.000000
0.077000 0.000000
0.078000 0.000000
0.079000 0.000000
0.080000 0.000000
0.081000 0.000000
0.082000 0.000000
0.083000 0.000000
0.084000 0.000000
0.085000 0.000000
0.086000 0.000000
0.087000 0.000000
0.088000 0.000000
0.089000 0.000000
0.090000 0.000000
0.091000 0.000000
0.092000 0.000000
0.093000 0.000000
0.094000 0.000000
0.095000 0.000000
0.096000 0.000000
0.097000 0.000000
0.098000 0.000000
0.099000 0.000000
0.100000 0.000000
0.101000 0.023929
0.102000 0.095716
0.103000 0.215188
0.104000 0.382344
0.105000 0.596665
0.106000 0.858150
0.107000 1.166105
0.108000 1.520359
0.109000 1.920216
0.110000 2.365157
0.111000 2.854487
0.112000 3.387515
0.113000 3.963718
0.114000 4.582057
0.115000 5.241666
0.116000 5.941676
0.117000 6.681221
0.118000 7.459260
0.119000 8.274754
0.120000 9.126487
0.121000 10.013768
0.122000 10.935035
0.123000 11.889420
0.124000 12.875538
0.125000 13.892521
0.126000 14.938808
0.127000 16.013359
0.128000 17.114787
0.129000 18.242051
0.130000 19.393938
0.131000 20.568886
0.132000 21.766030
0.133000 22.983982
0.134000 24.221354
0.135000 25.477280
0.136000 26.750199
0.137000 28.039071
0.138000 29.342854
0.139000 30.660163
0.140000 31.989957
0.141000 33.331022
0.142000 34.682490
0.143000 36.043149
0.144000 37.411957
0.145000 38.787875
0.146000 40.169862
0.147000 41.557050
0.148000 42.948401
0.149000 44.343219
0.150000 45.740291
0.151000 47.139097
0.152000 48.538597
0.153000 49.938097
0.154000 51.336730
0.155000 52.733976
0.156000 54.128968
0.157000 55.521011
0.158000 56.909587
0.159000 58.293828
0.160000 59.673561
0.161000 61.047918
0.162000 62.416379
0.163000 63.778599
0.164000 65.134055
0.165000 66.482056
0.166000 67.822600
0.167000 69.154995
0.168000 70.478893
0.169000 71.794121
0.170000 73.100159
0.171000 74.396661
0.172000 75.683451
0.173000 76.960359
0.174000 78.227035
0.175000 79.483135
0.176000 80.728657
0.177000 81.963428
0.178000 83.187102
0.179000 84.399504
0.180000 85.600636
0.181000 86.790324
0.182000 87.968567
0.183000 89.135020
0.184000 90.289854
0.185000 91.432898
0.186000 92.564150
0.187000 93.683264
0.188000 94.790761
0.189000 95.886120
0.190000 96.969514
0.191000 98.040944
0.192000 99.100409
0.193000 100.147910
0.194000 101.183620
0.195000 102.207192
0.196000 103.219146
0.197000 104.219135
0.198000 105.207334
0.199000 106.183741
0.200000 107.148704
0.201000 108.101876
0.202000 109.043604
0.203000 109.973714
0.204000 110.892553
0.205000 111.800121
0.206000 112.696419
0.207000 113.581618
0.208000 114.455721
0.209000 115.319072
0.210000 116.171326
0.211000 117.013003
0.212000 117.843929
0.213000 118.664451
0.214000 119.474396
0.215000 120.273937
0.216000 121.063420
0.217000 121.842674
0.218000 122.611870
0.219000 123.371355
0.220000 124.120957
0.221000 124.860849
0.222000 125.591204
0.223000 126.312022
0.224000 127.023476
0.225000 127.725741
0.226000 128.418988
0.227000 129.103045
0.228000 129.778433
0.229000 130.444804
0.230000 131.102678
0.231000 131.751882
0.232000 132.392590
0.233000 133.024975
0.234000 133.649209
0.235000 134.265121
0.236000 134.873230
0.237000 135.473362
0.238000 136.065519
0.239000 136.650219
0.240000 137.227116
0.241000 137.796557
0.242000 138.358715
0.243000 138.913590
0.244000 139.461183
0.245000 140.001666
0.246000 140.535040
0.247000 141.061652
0.248000 141.581501
0.249000 142.094587
0.250000 142.601084
0.251000 143.100993
0.252000 143.594658
0.253000 144.081735
0.254000 144.562743
0.255000 145.037508
0.256000 145.506204
0.257000 145.969005
0.258000 146.425910
0.259000 146.876920
0.260000 147.322208
0.261000 147.761773
0.262000 148.195790
0.263000 148.624431
0.264000 149.047523
0.265000 149.465241
0.266000 149.877756
0.267000 150.285243
0.268000 150.687354
0.269000 151.084610
0.270000 151.476838
0.271000 151.864210
0.272000 152.246727
0.273000 152.624389
0.274000 152.997370
0.275000 153.365842
0.276000 153.729632
0.277000 154.088914
0.278000 154.443861
0.279000 154.794299
0.280000 155.140576
0.281000 155.482518
0.282000 155.820125
0.283000 156.153744
0.284000 156.483201
0.285000 156.808670
0.286000 157.130151
0.287000 157.447644
0.288000 157.761322
0.289000 158.071186
0.290000 158.377234
0.291000 158.679641
0.292000 158.978234
0.293000 159.273358
0.294000 159.564668
0.295000 159.852683
0.296000 160.137056
0.297000 160.417962
0.298000 160.695573
0.299000 160.969716
0.300000 161.240565
0.301000 161.507945
0.302000 161.772205
0.303000 162.033343
0.304000 162.291187
0.305000 162.545909
0.306000 162.797511
0.307000 163.045991
0.308000 163.291350
0.309000 163.533761
0.310000 163.773224
0.311000 164.009740
0.312000 164.243135
0.313000 164.473755
0.314000 164.701427
0.315000 164.926325
0.316000 165.148275
0.317000 165.367451
0.318000 165.583852
0.319000 165.797306
0.320000 166.008159
0.321000 166.216237
0.322000 166.421541
0.323000 166.624070
0.324000 166.823999
0.325000 167.021153
0.326000 167.215706
0.327000 167.407485
0.328000 167.596663
0.329000 167.783240
0.330000 167.967042
0.331000 168.148244
0.332000 168.326845
0.333000 168.502671
0.334000 168.675896
0.335000 168.846520
0.336000 169.014370
0.337000 169.179619
0.338000 169.342267
0.339000 169.502140
0.340000 169.659413
0.341000 169.813911
0.342000 169.965808
0.343000 170.114931
0.344000 170.261279
0.345000 170.404853
0.346000 170.545653
0.347000 170.683505
0.348000 170.818756
0.349000 170.951059
0.350000 171.080414
0.351000 171.206995
0.352000 171.330455
0.353000 171.450967
0.354000 171.568531
0.355000 171.682974
0.356000 171.794296
0.357000 171.902497
0.358000 172.007576
0.359000 172.109361
0.360000 172.207852
0.361000 172.302874
0.362000 172.394602
0.363000 172.482862
0.364000 172.567480
0.365000 172.648457
0.366000 172.725967
0.367000 172.799661
0.368000 172.869541
0.369000 172.935432
0.370000 172.997335
0.371000 173.055424
0.372000 173.109177
0.373000 173.158596
0.374000 173.203853
0.375000 173.244602
0.376000 173.280842
0.377000 173.312574
0.378000 173.339451
0.379000 173.361472
0.380000 173.378465
0.381000 173.390430
0.382000 173.397192
0.383000 173.398580
0.384000 173.394591
0.385000 173.384881
0.386000 173.369449
0.387000 173.348121
0.388000 173.320724
0.389000 173.287258
0.390000 173.247376
0.391000 173.201079
0.392000 173.148019
0.393000 173.088023
0.394000 173.021264
0.395000 172.947223
0.396000 172.865726
0.397000 172.776772
0.398000 172.680016
0.399000 172.575457
0.400000 172.462747
0.401000 172.341715
0.402000 172.212013
0.403000 172.073641
0.404000 171.926426
0.405000 171.770020
0.406000 171.604078
0.407000 171.428598
0.408000 171.243409
0.409000 171.047988
0.410000 170.842338
0.411000 170.626110
0.412000 170.399304
0.413000 170.161228
0.414000 169.912054
0.415000 169.651263
0.416000 169.378854
0.417000 169.094307
0.418000 168.797622
0.419000 168.488279
0.420000 168.166451
0.421000 167.831445
0.422000 167.483087
0.423000 167.121378
0.424000 166.745796
0.425000 166.356343
0.426000 165.952498
0.427000 165.534087
0.428000 165.101111
0.429000 164.653049
0.430000 164.189728
0.431000 163.710974
0.432000 163.216442
0.433000 162.706130
0.434000 162.179518
0.435000 161.636781
0.436000 161.077223
0.437000 160.501193
0.438000 159.907997
0.439000 159.297807
0.440000 158.670104
0.441000 158.025235
0.442000 157.362506
0.443000 156.682090
0.444000 155.983813
0.445000 155.267677
0.446000 154.533334
0.447000 153.780784
0.448000 153.010028
0.449000 152.220891
0.450000 151.413374
0.451000 150.587476
0.452000 149.743199
0.453000 148.880714
0.454000 147.999676
0.455000 147.100257
0.456000 146.182806
0.457000 145.246973
0.458000 144.293281
0.459000 143.321556
0.460000 142.332143
0.461000 141.324871
0.462000 140.300432
0.463000 139.258653
0.464000 138.199708
0.465000 137.124290
0.466000 136.032226
0.467000 134.924036
0.468000 133.800066
0.469000 132.660491
0.470000 131.505656
0.471000 130.336256
0.472000 129.152291
0.473000 127.954453
0.474000 126.743091
0.475000 125.518550
0.476000 124.281525
0.477000 123.032361
0.478000 121.771580
0.479000 120.499875
0.480000 119.217592
0.481000 117.925253
0.482000 116.623723
0.483000 115.313350
0.484000 113.994654
0.485000 112.668501
0.486000 111.335240
0.487000 109.995736
0.488000 108.650510
0.489000 107.300255
0.490000 105.945492
0.491000 104.586914
0.492000 103.225215
0.493000 101.861088
0.494000 100.495228
0.495000 99.127980
0.496000 97.760212
0.497000 96.392617
0.498000 95.025890
0.499000 93.660376
0.500000 92.296943
0.501000 90.936111
0.502000 89.578573
0.503000 88.224850
0.504000 86.875636
0.505000 85.531450
0.506000 84.192813
0.507000 82.860245
0.508000 81.534440
0.509000 80.215917
0.510000 78.905024
0.511000 77.602454
0.512000 76.308380
0.513000 75.023670
0.514000 73.748323
0.515000 72.483207
0.516000 71.228495
0.517000 69.984534
0.518000 68.751670
0.519000 67.530597
0.520000 66.321142
0.521000 65.124172
0.522000 63.939512
0.523000 62.767511
0.524000 61.608689
0.525000 60.463218
0.526000 59.331098
0.527000 58.212678
0.528000 57.108129
0.529000 56.017625
0.530000 54.941340
0.531000 53.879447
0.532000 52.831946
0.533000 51.799011
0.534000 50.780641
0.535000 49.777010
0.536000 48.788118
0.537000 47.814138
0.538000 46.854897
0.539000 45.910569
0.540000 44.980979
0.541000 44.066301
0.542000 43.166363
0.543000 42.281336
0.544000 41.410875
0.545000 40.555153
0.546000 39.713997
0.547000 38.887406
0.548000 38.075207
0.549000 37.277400
0.550000 36.493812
0.551000 35.724442
0.552000 34.969118
0.553000 34.227492
0.554000 33.499739
0.555000 32.785683
0.556000 32.084980
0.557000 31.397801
0.558000 30.723627
0.559000 30.062632
0.560000 29.414468
0.561000 28.778962
0.562000 28.156115
0.563000 27.545578
0.564000 26.947353
0.565000 26.361092
0.566000 25.786623
0.567000 25.224118
0.568000 24.672884
0.569000 24.133094
0.570000 23.604575
0.571000 23.086980
0.572000 22.580136
0.573000 22.084043
0.574000 21.598354
0.575000 21.122895
0.576000 20.657493
0.577000 20.202148
0.578000 19.756514
0.579000 19.320417
0.580000 18.893683
0.581000 18.476312
0.582000 18.067959
0.583000 17.668448
0.584000 17.277608
0.585000 16.895264
0.586000 16.521417
0.587000 16.155719
0.588000 15.798171
0.589000 15.448426
0.590000 15.106484
0.591000 14.772172
0.592000 14.445142
0.593000 14.125395
0.594000 13.812931
0.595000 13.507403
0.596000 13.208637
0.597000 12.916460
0.598000 12.631046
0.599000 12.351874
0.600000 12.079118
0.601000 11.812431
0.602000 11.551640
0.603000 11.296917
0.604000 11.047744
0.605000 10.804465
0.606000 10.566389
0.607000 10.333862
0.608000 10.106536
0.609000 9.884413
0.610000 9.667318
0.611000 9.455251
0.612000 9.247866
0.613000 9.045164
0.614000 8.846969
0.615000 8.653456
0.616000 8.464278
0.617000 8.279435
0.618000 8.098754
0.619000 7.922061
0.620000 7.749529
0.621000 7.580813
0.622000 7.416084
0.623000 7.254997
0.624000 7.097551
0.625000 6.943573
0.626000 6.793236
0.627000 6.646194
0.628000 6.502620
0.629000 6.362341
0.630000 6.225009
0.631000 6.090972
0.632000 5.959883
0.633000 5.831914
0.634000 5.706721
0.635000 5.584301
0.636000 5.464656
0.637000 5.347786
0.638000 5.233516
0.639000 5.121847
0.640000 5.012606
0.641000 4.905966
0.642000 4.801580
0.643000 4.699622
0.644000 4.599918
0.645000 4.502641
0.646000 4.407272
0.647000 4.314157
0.648000 4.223122
0.649000 4.134169
0.650000 4.047123
0.651000 3.962158
0.652000 3.878926
0.653000 3.797602
0.654000 3.718186
0.655000 3.640330
0.656000 3.564381
0.657000 3.489993
0.658000 3.417339
0.659000 3.346419
0.660000 3.276886
0.661000 3.208914
0.662000 3.142502
0.663000 3.077478
0.664000 3.014014
0.665000 2.951764
0.666000 2.891075
0.667000 2.831599
0.668000 2.773510
0.669000 2.716636
0.670000 2.660975
0.671000 2.606527
0.672000 2.553294
0.673000 2.501275
0.674000 2.450469
0.675000 2.400530
0.676000 2.351805
0.677000 2.304120
0.678000 2.257476
0.679000 2.211872
0.680000 2.167309
0.681000 2.123612
0.682000 2.080956
0.683000 2.038994
0.684000 1.998245
0.685000 1.958190
0.686000 1.919002
0.687000 1.880681
0.688000 1.843054
0.689000 1.806466
0.690000 1.770573
0.691000 1.735373
0.692000 1.700867
0.693000 1.667227
0.694000 1.634282
0.695000 1.602029
0.696000 1.570471
0.697000 1.539606
0.698000 1.509261
0.699000 1.479610
0.700000 1.450653
0.701000 1.422215
0.702000 1.394471
0.703000 1.367248
0.704000 1.340718
0.705000 1.314535
0.706000 1.289045
0.707000 1.264076
0.708000 1.239626
0.709000 1.215697
0.710000 1.192115
0.711000 1.169227
0.712000 1.146685
0.713000 1.124663
0.714000 1.102988
0.715000 1.082007
0.716000 1.061199
0.717000 1.040912
0.718000 1.021144
0.719000 1.001724
0.720000 0.982650
0.721000 0.963923
0.722000 0.945716
0.723000 0.927682
0.724000 0.910169
0.725000 0.893003
0.726000 0.876183
0.727000 0.859710
0.728000 0.843584
0.729000 0.827631
0.730000 0.812199
0.731000 0.796940
0.732000 0.782201
0.733000 0.767462
0.734000 0.753243
0.735000 0.739198
0.736000 0.725500
0.737000 0.711975
0.738000 0.698796
0.739000 0.685965
0.740000 0.673307
0.741000 0.660822
0.742000 0.648684
0.743000 0.636720
0.744000 0.625102
0.745000 0.613658
0.746000 0.602387
0.747000 0.591289
0.748000 0.580538
0.749000 0.569961
0.750000 0.559557
0.751000 0.549500
0.752000 0.539443
0.753000 0.529733
0.754000 0.520196
0.755000 0.510659
0.756000 0.501469
0.757000 0.492452
0.758000 0.483609
0.759000 0.474939
0.760000 0.466442
0.761000 0.458119
0.762000 0.449969
0.763000 0.441820
0.764000 0.434017
0.765000 0.426214
0.766000 0.418758
0.767000 0.411301
0.768000 0.404019
0.769000 0.396736
0.770000 0.389800
0.771000 0.382864
0.772000 0.376102
0.773000 0.369512
0.774000 0.363097
0.775000 0.356681
0.776000 0.350439
0.777000 0.344370
0.778000 0.338301
0.779000 0.332405
0.780000 0.326510
0.781000 0.320961
0.782000 0.315239
0.783000 0.309863
0.784000 0.304488
0.785000 0.299286
0.786000 0.294084
0.787000 0.289055
0.788000 0.284027
0.789000 0.279172
0.790000 0.274317
0.791000 0.269635
0.792000 0.264953
0.793000 0.260445
0.794000 0.255936
0.795000 0.251601
0.796000 0.247266
0.797000 0.243105
0.798000 0.238943
0.799000 0.234955
0.800000 0.230967
0.801000 0.227152
0.802000 0.223164
0.803000 0.219523
0.804000 0.215708
0.805000 0.212066
0.806000 0.208598
0.807000 0.205131
0.808000 0.201663
0.809000 0.198195
0.810000 0.194900
0.811000 0.191779
0.812000 0.188484
0.813000 0.185363
0.814000 0.182242
0.815000 0.179294
0.816000 0.176346
0.817000 0.173399
0.818000 0.170451
0.819000 0.167676
0.820000 0.164902
0.821000 0.162128
0.822000 0.159527
0.823000 0.156926
0.824000 0.154325
0.825000 0.151897
0.826000 0.149296
0.827000 0.146869
0.828000 0.144441
0.829000 0.142187
0.830000 0.139759
0.831000 0.137505
0.832000 0.135424
0.833000 0.133170
0.834000 0.130916
0.835000 0.128835
0.836000 0.126754
0.837000 0.124674
0.838000 0.122766
0.839000 0.120859
0.840000 0.118778
0.841000 0.116871
0.842000 0.115137
0.843000 0.113229
0.844000 0.111495
0.845000 0.109588
0.846000 0.107854
0.847000 0.106120
0.848000 0.104559
0.849000 0.102825
0.850000 0.101265
0.851000 0.099531
0.852000 0.097970
0.853000 0.096410
0.854000 0.095022
0.855000 0.093462
0.856000 0.092075
0.857000 0.090514
0.858000 0.089127
0.859000 0.087740
0.860000 0.086352
0.861000 0.084965
0.862000 0.083752
0.863000 0.082364
0.864000 0.081151
0.865000 0.079937
0.866000 0.078550
0.867000 0.077336
0.868000 0.076122
0.869000 0.075082
0.870000 0.073868
0.871000 0.072654
0.872000 0.071614
0.873000 0.070573
0.874000 0.069359
0.875000 0.068319
0.876000 0.067279
0.877000 0.066238
0.878000 0.065198
0.879000 0.064331
0.880000 0.063290
0.881000 0.062250
0.882000 0.061383
0.883000 0.060516
0.884000 0.059476
0.885000 0.058609
0.886000 0.057742
0.887000 0.056875
0.888000 0.056008
0.889000 0.055141
0.890000 0.054274
0.891000 0.053580
0.892000 0.052713
0.893000 0.051846
0.894000 0.051153
0.895000 0.050459
0.896000 0.049592
0.897000 0.048898
0.898000 0.048205
0.899000 0.047511
0.900000 0.046818
0.901000 0.046124
0.902000 0.045430
0.903000 0.044737
0.904000 0.044043
0.905000 0.043350
0.906000 0.042829
0.907000 0.042136
0.908000 0.041442
0.909000 0.040922
0.910000 0.040228
0.911000 0.039708
0.912000 0.039188
0.913000 0.038494
0.914000 0.037974
0.915000 0.037454
0.916000 0.036934
0.917000 0.036414
0.918000 0.035894
0.919000 0.035373
0.920000 0.034853
0.921000 0.034333
0.922000 0.033813
0.923000 0.033293
0.924000 0.032772
0.925000 0.032426
0.926000 0.031905
0.927000 0.031385
0.928000 0.031038
0.929000 0.030518
0.930000 0.029998
0.931000 0.029651
0.932000 0.029304
0.933000 0.028784
0.934000 0.028437
0.935000 0.027917
0.936000 0.027570
0.937000 0.027224
0.938000 0.026877
0.939000 0.026357
0.940000 0.026010
0.941000 0.025663
0.942000 0.025316
0.943000 0.024969
0.944000 0.024623
0.945000 0.024276
0.946000 0.023929
0.947000 0.023582
0.948000 0.023235
0.949000 0.022889
0.950000 0.022542
0.951000 0.022368
0.952000 0.022022
0.953000 0.021675
0.954000 0.021328
0.955000 0.021155
0.956000 0.020808
0.957000 0.020461
0.958000 0.020288
0.959000 0.019941
0.960000 0.019594
0.961000 0.019421
0.962000 0.019074
0.963000 0.018900
0.964000 0.018554
0.965000 0.018380
0.966000 0.018033
0.967000 0.017860
0.968000 0.017513
0.969000 0.017340
0.970000 0.017166
0.971000 0.016820
0.972000 0.016646
0.973000 0.016473
0.974000 0.016126
0.975000 0.015953
0.976000 0.015779
0.977000 0.015606
0.978000 0.015259
0.979000 0.015086
0.980000 0.014912
0.981000 0.014739
0.982000 0.014565
0.983000 0.014392
0.984000 0.014219
0.985000 0.013872
0.986000 0.013698
0.987000 0.013525
0.988000 0.013352
0.989000 0.013178
0.990000 0.013005
0.991000 0.012831
0.992000 0.012658
0.993000 0.012485
0.994000 0.012311
0.995000 0.012138
0.996000 0.011965
0.997000 0.011791
0.998000 0.011791
0.999000 0.011618
1.000000 0.011444
1.001000 0.011271
1.002000 0.011098
1.003000 0.010924
1.004000 0.010751
1.005000 0.010751
1.006000 0.010577
1.007000 0.010404
1.008000 0.010231
1.009000 0.010057
1.010000 0.010057
1.011000 0.009884
1.012000 0.009710
1.013000 0.009537
1.014000 0.009537
1.015000 0.009364
1.016000 0.009190
1.017000 0.009190
1.018000 0.009017
1.019000 0.008843
1.020000 0.008843
1.021000 0.008670
1.022000 0.008497
1.023000 0.008497
1.024000 0.008323
1.025000 0.008150
1.026000 0.008150
1.027000 0.007976
1.028000 0.007976
1.029000 0.007803
1.030000 0.007630
1.031000 0.007630
1.032000 0.007456
1.033000 0.007456
1.034000 0.007283
1.035000 0.007283
1.036000 0.007109
1.037000 0.007109
1.038000 0.006936
1.039000 0.006936
1.040000 0.006763
1.041000 0.006763
1.042000 0.006589
1.043000 0.006589
1.044000 0.006416
1.045000 0.006416
1.046000 0.006242
1.047000 0.006242
1.048000 0.006069
1.049000 0.006069
1.050000 0.005896
1.051000 0.005896
1.052000 0.005896
1.053000 0.005722
1.054000 0.005722
1.055000 0.005549
1.056000 0.005549
1.057000 0.005549
1.058000 0.005375
1.059000 0.005375
1.060000 0.005202
1.061000 0.005202
1.062000 0.005202
1.063000 0.005029
1.064000 0.005029
1.065000 0.005029
1.066000 0.004855
1.067000 0.004855
1.068000 0.004682
1.069000 0.004682
1.070000 0.004682
1.071000 0.004508
1.072000 0.004508
1.073000 0.004508
1.074000 0.004508
1.075000 0.004335
1.076000 0.004335
1.077000 0.004335
1.078000 0.004162
1.079000 0.004162
1.080000 0.004162
1.081000 0.003988
1.082000 0.003988
1.083000 0.003988
1.084000 0.003988
1.085000 0.003815
1.086000 0.003815
1.087000 0.003815
1.088000 0.003815
1.089000 0.003641
1.090000 0.003641
1.091000 0.003641
1.092000 0.003468
1.093000 0.003468
1.094000 0.003468
1.095000 0.003468
1.096000 0.003468
1.097000 0.003295
1.098000 0.003295
1.099000 0.003295
