1100 64
0.000000 0.000000
0.001000 0.000000
0.002000 0.000000
0.003000 0.000000
0.004000 0.000000
0.005000 0.000000
0.006000 0.000000
0.007000 0.000000
0.008000 0.000000
0.009000 0.000000
0.010000 0.000000
0.011000 0.000000
0.012000 0.000000
0.013000 0.000000
0.014000 0.000000
0.015000 0.000000
0.016000 0.000000
0.017000 0.000000
0.018000 0.000000
0.019000 0.000000
0.020000 0.000000
0.021000 0.000000
0.022000 0.000000
0.023000 0.000000
0.024000 0.000000
0.025000 0.000000
0.026000 0.000000
0.027000 0.000000
0.028000 0.000000
0.029000 0.000000
0.030000 0.000000
0.031000 0.000000
0.032000 0.000000
0.033000 0.000000
0.034000 0.000000
0.035000 0.000000
0.036000 0.000000
0.037000 0.000000
0.038000 0.000000
0.039000 0.000000
0.040000 0.000000
0.041000 0.000000
0.042000 0.000000
0.043000 0.000000
0.044000 0.000000
0.045000 0.000000
0.046000 0.000000
0.047000 0.000000
0.048000 0.000000
0.049000 0.000000
0.050000 0.000000
0.051000 0.000000
0.052000 0.000000
0.053000 0.000000
0.054000 0.000000
0.055000 0.000000
0.056000 0.000000
0.057000 0.000000
0.058000 0.000000
0.059000 0.000000
0.060000 0.000000
0.061000 0.000000
0.062000 0.000000
0.063000 0.000000
0.064000 0.000000
0.065000 0.000000
0.066000 0.000000
0.067000 0.000000
0.068000 0.000000
0.069000 0.000000
0.070000 0.000000
0.071000 0.000000
0.072000 0.000000
0.073000 0.000000
0.074000 0.000000
0.075000 0.000000
0.076000 0.000000
0.077000 0.000000
0.078000 0.000000
0.079000 0.000000
0.080000 0.000000
0.081000 0.000000
0.082000 0.000000
0.083000 0.000000
0.084000 0.000000
0.085000 0.000000
0.086000 0.000000
0.087000 0.000000
0.088000 0.000000
0.089000 0.000000
0.090000 0.000000
0.091000 0.000000
0.092000 0.000000
0.093000 0.000000
0.094000 0.000000
0.095000 0.000000
0.096000 0.000000
0.097000 0.000000
0.098000 0.000000
0.099000 0.000000
0.100000 0.000000
0.101000 0.026960
0.102000 0.107841
0.103000 0.242448
0.104000 0.430780
0.105000 0.672251
0.106000 0.966862
0.107000 1.313830
0.108000 1.712961
0.109000 2.163472
0.110000 2.664779
0.111000 3.216099
0.112000 3.816651
0.113000 4.465849
0.114000 5.162521
0.115000 5.905689
0.116000 6.694378
0.117000 7.527610
0.118000 8.404213
0.119000 9.323014
0.120000 10.282647
0.121000 11.282330
0.122000 12.320305
0.123000 13.395594
0.124000 14.506635
0.125000 15.652450
0.126000 16.831283
0.127000 18.041960
0.128000 19.282919
0.129000 20.552987
0.130000 21.850797
0.131000 23.174590
0.132000 24.523390
0.133000 25.895634
0.134000 27.289759
0.135000 28.704788
0.136000 30.138962
0.137000 31.591111
0.138000 33.060060
0.139000 34.544248
0.140000 36.042503
0.141000 37.553456
0.142000 39.076131
0.143000 40.609160
0.144000 42.151372
0.145000 43.701593
0.146000 45.258652
0.147000 46.821573
0.148000 48.389182
0.149000 49.960698
0.150000 51.534754
0.151000 53.110763
0.152000 54.687555
0.153000 56.264346
0.154000 57.840160
0.155000 59.414411
0.156000 60.986123
0.157000 62.554513
0.158000 64.118996
0.159000 65.678595
0.160000 67.233115
0.161000 68.781578
0.162000 70.323399
0.163000 71.858187
0.164000 73.385355
0.165000 74.904123
0.166000 76.414490
0.167000 77.915675
0.168000 79.407286
0.169000 80.889130
0.170000 82.360620
0.171000 83.821364
0.172000 85.271168
0.173000 86.709836
0.174000 88.136977
0.175000 89.552201
0.176000 90.955508
0.177000 92.346703
0.178000 93.725394
0.179000 95.091386
0.180000 96.444680
0.181000 97.785079
0.182000 99.112584
0.183000 100.426805
0.184000 101.727936
0.185000 103.015782
0.186000 104.290344
0.187000 105.551229
0.188000 106.799026
0.189000 108.033147
0.190000 109.253787
0.191000 110.460948
0.192000 111.654628
0.193000 112.834828
0.194000 114.001744
0.195000 115.154983
0.196000 116.295134
0.197000 117.421804
0.198000 118.535189
0.199000 119.635289
0.200000 120.722496
0.201000 121.796417
0.202000 122.857445
0.203000 123.905383
0.204000 124.940622
0.205000 125.963163
0.206000 126.973004
0.207000 127.970343
0.208000 128.955178
0.209000 129.927900
0.210000 130.888120
0.211000 131.836421
0.212000 132.772611
0.213000 133.697078
0.214000 134.609628
0.215000 135.510456
0.216000 136.399953
0.217000 137.277923
0.218000 138.144563
0.219000 139.000261
0.220000 139.844824
0.221000 140.678447
0.222000 141.501324
0.223000 142.313457
0.224000 143.115040
0.225000 143.906268
0.226000 144.687337
0.227000 145.458052
0.228000 146.218999
0.229000 146.969787
0.230000 147.711002
0.231000 148.442448
0.232000 149.164322
0.233000 149.876818
0.234000 150.580133
0.235000 151.274069
0.236000 151.959214
0.237000 152.635373
0.238000 153.302544
0.239000 153.961315
0.240000 154.611294
0.241000 155.252873
0.242000 155.886247
0.243000 156.511415
0.244000 157.128377
0.245000 157.737330
0.246000 158.338273
0.247000 158.931597
0.248000 159.517301
0.249000 160.095386
0.250000 160.666047
0.251000 161.229285
0.252000 161.785489
0.253000 162.334269
0.254000 162.876212
0.255000 163.411121
0.256000 163.939193
0.257000 164.460622
0.258000 164.975409
0.259000 165.483553
0.260000 165.985251
0.261000 166.480501
0.262000 166.969500
0.263000 167.452442
0.264000 167.929133
0.265000 168.399767
0.266000 168.864541
0.267000 169.323648
0.268000 169.776700
0.269000 170.224281
0.270000 170.666197
0.271000 171.102642
0.272000 171.533618
0.273000 171.959123
0.274000 172.379353
0.275000 172.794503
0.276000 173.204379
0.277000 173.609176
0.278000 174.009088
0.279000 174.403920
0.280000 174.794064
0.281000 175.179324
0.282000 175.559700
0.283000 175.935582
0.284000 176.306776
0.285000 176.673476
0.286000 177.035683
0.287000 177.393396
0.288000 177.746811
0.289000 178.095929
0.290000 178.440748
0.291000 178.781465
0.292000 179.117883
0.293000 179.450394
0.294000 179.778608
0.295000 180.103109
0.296000 180.423508
0.297000 180.739999
0.298000 181.052778
0.299000 181.361650
0.300000 181.666811
0.301000 181.968063
0.302000 182.265800
0.303000 182.560020
0.304000 182.850527
0.305000 183.137519
0.306000 183.420993
0.307000 183.700951
0.308000 183.977393
0.309000 184.250513
0.310000 184.520312
0.311000 184.786790
0.312000 185.049751
0.313000 185.309587
0.314000 185.566101
0.315000 185.819490
0.316000 186.069557
0.317000 186.316498
0.318000 186.560314
0.319000 186.800808
0.320000 187.038372
0.321000 187.272810
0.322000 187.504122
0.323000 187.732309
0.324000 187.957564
0.325000 188.179694
0.326000 188.398894
0.327000 188.614968
0.328000 188.828111
0.329000 189.038324
0.330000 189.245411
0.331000 189.449567
0.332000 189.650793
0.333000 189.848893
0.334000 190.044063
0.335000 190.236302
0.336000 190.425415
0.337000 190.611598
0.338000 190.794851
0.339000 190.974977
0.340000 191.152173
0.341000 191.326244
0.342000 191.497383
0.343000 191.665397
0.344000 191.830285
0.345000 191.992048
0.346000 192.150684
0.347000 192.305999
0.348000 192.458384
0.349000 192.607447
0.350000 192.753190
0.351000 192.895806
0.352000 193.034906
0.353000 193.170685
0.354000 193.303142
0.355000 193.432083
0.356000 193.557507
0.357000 193.679415
0.358000 193.797806
0.359000 193.912486
0.360000 194.023453
0.361000 194.130513
0.362000 194.233861
0.363000 194.333302
0.364000 194.428640
0.365000 194.519876
0.366000 194.607204
0.367000 194.690234
0.368000 194.768966
0.369000 194.843205
0.370000 194.912950
0.371000 194.978397
0.372000 195.038960
0.373000 195.094640
0.374000 195.145630
0.375000 195.191541
0.376000 195.232372
0.377000 195.268124
0.378000 195.298405
0.379000 195.323217
0.380000 195.342362
0.381000 195.355843
0.382000 195.363462
0.383000 195.365025
0.384000 195.360531
0.385000 195.349591
0.386000 195.332203
0.387000 195.308173
0.388000 195.277306
0.389000 195.239600
0.390000 195.194666
0.391000 195.142504
0.392000 195.082722
0.393000 195.015126
0.394000 194.939910
0.395000 194.856490
0.396000 194.764668
0.397000 194.664446
0.398000 194.555432
0.399000 194.437627
0.400000 194.310640
0.401000 194.174275
0.402000 194.028142
0.403000 193.872241
0.404000 193.706376
0.405000 193.530156
0.406000 193.343192
0.407000 193.145483
0.408000 192.936833
0.409000 192.716656
0.410000 192.484954
0.411000 192.241333
0.412000 191.985796
0.413000 191.717560
0.414000 191.436820
0.415000 191.142991
0.416000 190.836073
0.417000 190.515479
0.418000 190.181209
0.419000 189.832678
0.420000 189.470080
0.421000 189.092635
0.422000 188.700147
0.423000 188.292615
0.424000 187.869455
0.425000 187.430665
0.426000 186.975660
0.427000 186.504244
0.428000 186.016418
0.429000 185.511594
0.430000 184.989579
0.431000 184.450176
0.432000 183.892995
0.433000 183.318036
0.434000 182.724712
0.435000 182.113220
0.436000 181.482777
0.437000 180.833774
0.438000 180.165430
0.439000 179.477941
0.440000 178.770719
0.441000 178.044157
0.442000 177.297472
0.443000 176.530859
0.444000 175.744125
0.445000 174.937267
0.446000 174.109896
0.447000 173.262012
0.448000 172.393614
0.449000 171.504508
0.450000 170.594693
0.451000 169.664170
0.452000 168.712937
0.453000 167.741192
0.454000 166.748542
0.455000 165.735184
0.456000 164.701507
0.457000 163.647122
0.458000 162.572615
0.459000 161.477789
0.460000 160.363036
0.461000 159.228161
0.462000 158.073944
0.463000 156.900191
0.464000 155.707097
0.465000 154.495443
0.466000 153.265034
0.467000 152.016456
0.468000 150.750100
0.469000 149.466161
0.470000 148.165030
0.471000 146.847488
0.472000 145.513536
0.473000 144.163954
0.474000 142.799134
0.475000 141.419467
0.476000 140.025732
0.477000 138.618323
0.478000 137.197824
0.479000 135.765017
0.480000 134.320292
0.481000 132.864237
0.482000 131.397827
0.483000 129.921453
0.484000 128.435702
0.485000 126.941551
0.486000 125.439389
0.487000 123.930194
0.488000 122.414552
0.489000 120.893245
0.490000 119.366858
0.491000 117.836173
0.492000 116.301971
0.493000 114.765035
0.494000 113.226144
0.495000 111.685691
0.496000 110.144652
0.497000 108.603808
0.498000 107.063941
0.499000 105.525441
0.500000 103.989286
0.501000 102.456061
0.502000 100.926549
0.503000 99.401334
0.504000 97.881199
0.505000 96.366729
0.506000 94.858511
0.507000 93.357131
0.508000 91.863370
0.509000 90.377814
0.510000 88.900854
0.511000 87.433272
0.512000 85.975263
0.513000 84.527804
0.514000 83.090894
0.515000 81.665511
0.516000 80.251849
0.517000 78.850301
0.518000 77.461255
0.519000 76.085495
0.520000 74.722824
0.521000 73.374219
0.522000 72.039485
0.523000 70.719013
0.524000 69.413389
0.525000 68.122807
0.526000 66.847269
0.527000 65.587165
0.528000 64.342689
0.529000 63.114039
0.530000 61.901408
0.531000 60.704993
0.532000 59.524793
0.533000 58.361003
0.534000 57.213624
0.535000 56.082852
0.536000 54.968685
0.537000 53.871319
0.538000 52.790560
0.539000 51.726602
0.540000 50.679250
0.541000 49.648700
0.542000 48.634755
0.543000 47.637612
0.544000 46.656880
0.545000 45.692753
0.546000 44.745038
0.547000 43.813733
0.548000 42.898643
0.549000 41.999768
0.550000 41.116914
0.551000 40.250079
0.552000 39.399069
0.553000 38.563493
0.554000 37.743546
0.555000 36.939033
0.556000 36.149563
0.557000 35.375331
0.558000 34.615752
0.559000 33.871020
0.560000 33.140746
0.561000 32.424733
0.562000 31.722982
0.563000 31.035102
0.564000 30.361092
0.565000 29.700563
0.566000 29.053319
0.567000 28.419555
0.568000 27.798489
0.569000 27.190318
0.570000 26.594845
0.571000 26.011681
0.572000 25.440629
0.573000 24.881690
0.574000 24.334472
0.575000 23.798781
0.576000 23.274421
0.577000 22.761393
0.578000 22.259305
0.579000 21.767962
0.580000 21.287168
0.581000 20.816925
0.582000 20.356840
0.583000 19.906719
0.584000 19.466366
0.585000 19.035587
0.586000 18.614380
0.587000 18.202355
0.588000 17.799512
0.589000 17.405461
0.590000 17.020201
0.591000 16.643537
0.592000 16.275079
0.593000 15.914826
0.594000 15.562778
0.595000 15.218545
0.596000 14.881931
0.597000 14.552741
0.598000 14.231170
0.599000 13.916632
0.600000 13.609323
0.601000 13.308852
0.602000 13.015023
0.603000 12.728031
0.604000 12.447292
0.605000 12.173195
0.606000 11.904959
0.607000 11.642974
0.608000 11.386850
0.609000 11.136588
0.610000 10.891991
0.611000 10.653059
0.612000 10.419403
0.613000 10.191021
0.614000 9.967719
0.615000 9.749692
0.616000 9.536548
0.617000 9.328289
0.618000 9.124719
0.619000 8.925642
0.620000 8.731254
0.621000 8.541164
0.622000 8.355567
0.623000 8.174073
0.624000 7.996681
0.625000 7.823197
0.626000 7.653816
0.627000 7.488146
0.628000 7.326384
0.629000 7.168333
0.630000 7.013604
0.631000 6.862587
0.632000 6.714891
0.633000 6.570712
0.634000 6.429658
0.635000 6.291731
0.636000 6.156929
0.637000 6.025253
0.638000 5.896507
0.639000 5.770692
0.640000 5.647612
0.641000 5.527463
0.642000 5.409853
0.643000 5.294978
0.644000 5.182643
0.645000 5.073044
0.646000 4.965593
0.647000 4.860682
0.648000 4.758115
0.649000 4.657893
0.650000 4.559820
0.651000 4.464091
0.652000 4.370316
0.653000 4.278689
0.654000 4.189212
0.655000 4.101493
0.656000 4.015923
0.657000 3.932112
0.658000 3.850254
0.659000 3.770350
0.660000 3.692008
0.661000 3.615425
0.662000 3.540600
0.663000 3.467338
0.664000 3.395835
0.665000 3.325699
0.666000 3.257321
0.667000 3.190311
0.668000 3.124864
0.669000 3.060784
0.670000 2.998072
0.671000 2.936727
0.672000 2.876750
0.673000 2.818140
0.674000 2.760899
0.675000 2.704633
0.676000 2.649736
0.677000 2.596010
0.678000 2.543457
0.679000 2.492076
0.680000 2.441867
0.681000 2.392635
0.682000 2.344576
0.683000 2.297297
0.684000 2.251387
0.685000 2.206257
0.686000 2.162105
0.687000 2.118929
0.688000 2.076535
0.689000 2.035313
0.690000 1.994872
0.691000 1.955213
0.692000 1.916336
0.693000 1.878435
0.694000 1.841315
0.695000 1.804977
0.696000 1.769421
0.697000 1.734646
0.698000 1.700457
0.699000 1.667050
0.700000 1.634424
0.701000 1.602384
0.702000 1.571126
0.703000 1.540453
0.704000 1.510562
0.705000 1.481062
0.706000 1.452344
0.707000 1.424211
0.708000 1.396665
0.709000 1.369704
0.710000 1.343135
0.711000 1.317346
0.712000 1.291949
0.713000 1.267138
0.714000 1.242717
0.715000 1.219078
0.716000 1.195634
0.717000 1.172776
0.718000 1.150505
0.719000 1.128624
0.720000 1.107134
0.721000 1.086034
0.722000 1.065521
0.723000 1.045203
0.724000 1.025471
0.725000 1.006130
0.726000 0.987179
0.727000 0.968620
0.728000 0.950451
0.729000 0.932477
0.730000 0.915090
0.731000 0.897898
0.732000 0.881292
0.733000 0.864686
0.734000 0.848666
0.735000 0.832841
0.736000 0.817407
0.737000 0.802169
0.738000 0.787321
0.739000 0.772864
0.740000 0.758602
0.741000 0.744536
0.742000 0.730861
0.743000 0.717380
0.744000 0.704291
0.745000 0.691397
0.746000 0.678698
0.747000 0.666195
0.748000 0.654082
0.749000 0.642165
0.750000 0.630443
0.751000 0.619112
0.752000 0.607781
0.753000 0.596840
0.754000 0.586095
0.755000 0.575350
0.756000 0.564996
0.757000 0.554837
0.758000 0.544873
0.759000 0.535105
0.760000 0.525532
0.761000 0.516154
0.762000 0.506972
0.763000 0.497790
0.764000 0.488999
0.765000 0.480207
0.766000 0.471807
0.767000 0.463406
0.768000 0.455201
0.769000 0.446995
0.770000 0.439181
0.771000 0.431366
0.772000 0.423747
0.773000 0.416323
0.774000 0.409094
0.775000 0.401866
0.776000 0.394833
0.777000 0.387995
0.778000 0.381157
0.779000 0.374515
0.780000 0.367872
0.781000 0.361621
0.782000 0.355174
0.783000 0.349117
0.784000 0.343061
0.785000 0.337200
0.786000 0.331339
0.787000 0.325673
0.788000 0.320008
0.789000 0.314538
0.790000 0.309067
0.791000 0.303793
0.792000 0.298518
0.793000 0.293438
0.794000 0.288359
0.795000 0.283475
0.796000 0.278591
0.797000 0.273902
0.798000 0.269213
0.799000 0.264720
0.800000 0.260226
0.801000 0.255928
0.802000 0.251435
0.803000 0.247332
0.804000 0.243034
0.805000 0.238931
0.806000 0.235024
0.807000 0.231117
0.808000 0.227210
0.809000 0.223302
0.810000 0.219590
0.811000 0.216074
0.812000 0.212362
0.813000 0.208845
0.814000 0.205329
0.815000 0.202007
0.816000 0.198686
0.817000 0.195365
0.818000 0.192044
0.819000 0.188918
0.820000 0.185792
0.821000 0.182666
0.822000 0.179736
0.823000 0.176805
0.824000 0.173875
0.825000 0.171140
0.826000 0.168209
0.827000 0.165474
0.828000 0.162739
0.829000 0.160199
0.830000 0.157464
0.831000 0.154924
0.832000 0.152580
0.833000 0.150040
0.834000 0.147501
0.835000 0.145156
0.836000 0.142812
0.837000 0.140467
0.838000 0.138318
0.839000 0.136169
0.840000 0.133825
0.841000 0.131676
0.842000 0.129722
0.843000 0.127573
0.844000 0.125620
0.845000 0.123471
0.846000 0.121517
0.847000 0.119563
0.848000 0.117805
0.849000 0.115851
0.850000 0.114093
0.851000 0.112140
0.852000 0.110381
0.853000 0.108623
0.854000 0.107060
0.855000 0.105302
0.856000 0.103739
0.857000 0.101981
0.858000 0.100418
0.859000 0.098855
0.860000 0.097292
0.861000 0.095729
0.862000 0.094361
0.863000 0.092798
0.864000 0.091431
0.865000 0.090063
0.866000 0.088500
0.867000 0.087133
0.868000 0.085765
0.869000 0.084593
0.870000 0.083226
0.871000 0.081858
0.872000 0.080686
0.873000 0.079514
0.874000 0.078146
0.875000 0.076974
0.876000 0.075802
0.877000 0.074629
0.878000 0.073457
0.879000 0.072480
0.880000 0.071308
0.881000 0.070136
0.882000 0.069159
0.883000 0.068182
0.884000 0.067010
0.885000 0.066033
0.886000 0.065057
0.887000 0.064080
0.888000 0.063103
0.889000 0.062126
0.890000 0.061149
0.891000 0.060368
0.892000 0.059391
0.893000 0.058414
0.894000 0.057633
0.895000 0.056851
0.896000 0.055874
0.897000 0.055093
0.898000 0.054311
0.899000 0.053530
0.900000 0.052749
0.901000 0.051967
0.902000 0.051186
0.903000 0.050404
0.904000 0.049623
0.905000 0.048841
0.906000 0.048255
0.907000 0.047474
0.908000 0.046692
0.909000 0.046106
0.910000 0.045325
0.911000 0.044739
0.912000 0.044152
0.913000 0.043371
0.914000 0.042785
0.915000 0.042199
0.916000 0.041613
0.917000 0.041027
0.918000 0.040441
0.919000 0.039854
0.920000 0.039268
0.921000 0.038682
0.922000 0.038096
0.923000 0.037510
0.924000 0.036924
0.925000 0.036533
0.926000 0.035947
0.927000 0.035361
0.928000 0.034970
0.929000 0.034384
0.930000 0.033798
0.931000 0.033407
0.932000 0.033017
0.933000 0.032431
0.934000 0.032040
0.935000 0.031454
0.936000 0.031063
0.937000 0.030672
0.938000 0.030282
0.939000 0.029695
0.940000 0.029305
0.941000 0.028914
0.942000 0.028523
0.943000 0.028133
0.944000 0.027742
0.945000 0.027351
0.946000 0.026960
0.947000 0.026570
0.948000 0.026179
0.949000 0.025788
0.950000 0.025397
0.951000 0.025202
0.952000 0.024811
0.953000 0.024421
0.954000 0.024030
0.955000 0.023835
0.956000 0.023444
0.957000 0.023053
0.958000 0.022858
0.959000 0.022467
0.960000 0.022076
0.961000 0.021881
0.962000 0.021490
0.963000 0.021295
0.964000 0.020904
0.965000 0.020709
0.966000 0.020318
0.967000 0.020123
0.968000 0.019732
0.969000 0.019537
0.970000 0.019341
0.971000 0.018950
0.972000 0.018755
0.973000 0.018560
0.974000 0.018169
0.975000 0.017974
0.976000 0.017778
0.977000 0.017583
0.978000 0.017192
0.979000 0.016997
0.980000 0.016801
0.981000 0.016606
0.982000 0.016411
0.983000 0.016215
0.984000 0.016020
0.985000 0.015629
0.986000 0.015434
0.987000 0.015238
0.988000 0.015043
0.989000 0.014848
0.990000 0.014652
0.991000 0.014457
0.992000 0.014262
0.993000 0.014066
0.994000 0.013871
0.995000 0.013676
0.996000 0.013480
0.997000 0.013285
0.998000 0.013285
0.999000 0.013089
1.000000 0.012894
1.001000 0.012699
1.002000 0.012503
1.003000 0.012308
1.004000 0.012113
1.005000 0.012113
1.006000 0.011917
1.007000 0.011722
1.008000 0.011527
1.009000 0.011331
1.010000 0.011331
1.011000 0.011136
1.012000 0.010940
1.013000 0.010745
1.014000 0.010745
1.015000 0.010550
1.016000 0.010354
1.017000 0.010354
1.018000 0.010159
1.019000 0.009964
1.020000 0.009964
1.021000 0.009768
1.022000 0.009573
1.023000 0.009573
1.024000 0.009378
1.025000 0.009182
1.026000 0.009182
1.027000 0.008987
1.028000 0.008987
1.029000 0.008791
1.030000 0.008596
1.031000 0.008596
1.032000 0.008401
1.033000 0.008401
1.034000 0.008205
1.035000 0.008205
1.036000 0.008010
1.037000 0.008010
1.038000 0.007815
1.039000 0.007815
1.040000 0.007619
1.041000 0.007619
1.042000 0.007424
1.043000 0.007424
1.044000 0.007229
1.045000 0.007229
1.046000 0.007033
1.047000 0.007033
1.048000 0.006838
1.049000 0.006838
1.050000 0.006642
1.051000 0.006642
1.052000 0.006642
1.053000 0.006447
1.054000 0.006447
1.055000 0.006252
1.056000 0.006252
1.057000 0.006252
1.058000 0.006056
1.059000 0.006056
1.060000 0.005861
1.061000 0.005861
1.062000 0.005861
1.063000 0.005666
1.064000 0.005666
1.065000 0.005666
1.066000 0.005470
1.067000 0.005470
1.068000 0.005275
1.069000 0.005275
1.070000 0.005275
1.071000 0.005079
1.072000 0.005079
1.073000 0.005079
1.074000 0.005079
1.075000 0.004884
1.076000 0.004884
1.077000 0.004884
1.078000 0.004689
1.079000 0.004689
1.080000 0.004689
1.081000 0.004493
1.082000 0.004493
1.083000 0.004493
1.084000 0.004493
1.085000 0.004298
1.086000 0.004298
1.087000 0.004298
1.088000 0.004298
1.089000 0.004103
1.090000 0.004103
1.091000 0.004103
1.092000 0.003907
1.093000 0.003907
1.094000 0.003907
1.095000 0.003907
1.096000 0.003907
1.097000 0.003712
1.098000 0.003712
1.099000 0.003712
