1100 64
0.000000 0.000000
0.001000 0.000000
0.002000 0.000000
0.003000 0.000000
0.004000 0.000000
0.005000 0.000000
0.006000 0.000000
0.007000 0.000000
0.008000 0.000000
0.009000 0.000000
0.010000 0.000000
0.011000 0.000000
0.012000 0.000000
0.013000 0.000000
0.014000 0.000000
0.015000 0.000000
0.016000 0.000000
0.017000 0.000000
0.018000 0.000000
0.019000 0.000000
0.020000 0.000000
0.021000 0.000000
0.022000 0.000000
0.023000 0.000000
0.024000 0.000000
0.025000 0.000000
0.026000 0.000000
0.027000 0.000000
0.028000 0.000000
0.029000 0.000000
0.030000 0.000000
0.031000 0.000000
0.032000 0.000000
0.033000 0.000000
0.034000 0.000000
0.035000 0.000000
0.036000 0.000000
0.037000 0.000000
0.038000 0.000000
0.039000 0.000000
0.040000 0.000000
0.041000 0.000000
0.042000 0.000000
0.043000 0.000000
0.044000 0.000000
0.045000 0.000000
0.046000 0.000000
0.047000 0.000000
0.048000 0.000000
0.049000 0.000000
0.050000 0.000000
0.051000 0.000000
0.052000 0.000000
0.053000 0.000000
0.054000 0.000000
0.055000 0.000000
0.056000 0.000000
0.057000 0.000000
0.058000 0.000000
0.059000 0.000000
0.060000 0.000000
0.061000 0.000000
0.062000 0.000000
0.063000 0.000000
0.064000 0.000000
0.065000 0.000000
0.066000 0.000000
0.067000 0.000000
0.068000 0.000000
0.069000 0.000000
0.070000 0.000000
0.071000 0.000000
0.072000 0.000000
0.073000 0.000000
0.074000 0.000000
0.075000 0.000000
0.076000 0.000000
0.077000 0.000000
0.078000 0.000000
0.079000 0.000000
0.080000 0.000000
0.081000 0.000000
0.082000 0.000000
0.083000 0.000000
0.084000 0.000000
0.085000 0.000000
0.086000 0.000000
0.087000 0.000000
0.088000 0.000000
0.089000 0.000000
0.090000 0.000000
0.091000 0.000000
0.092000 0.000000
0.093000 0.000000
0.094000 0.000000
0.095000 0.000000
0.096000 0.000000
0.097000 0.000000
0.098000 0.000000
0.099000 0.000000
0.100000 0.000000
0.101000 0.021660
0.102000 0.086640
0.103000 0.194784
0.104000 0.346091
0.105000 0.540090
0.106000 0.776782
0.107000 1.055538
0.108000 1.376202
0.109000 1.738145
0.110000 2.140898
0.111000 2.583831
0.112000 3.066318
0.113000 3.587887
0.114000 4.147597
0.115000 4.744663
0.116000 5.378300
0.117000 6.047723
0.118000 6.751990
0.119000 7.490160
0.120000 8.261135
0.121000 9.064285
0.122000 9.898200
0.123000 10.762093
0.124000 11.654709
0.125000 12.575264
0.126000 13.522344
0.127000 14.495009
0.128000 15.492002
0.129000 16.512381
0.130000 17.555049
0.131000 18.618592
0.132000 19.702225
0.133000 20.804693
0.134000 21.924741
0.135000 23.061582
0.136000 24.213806
0.137000 25.380470
0.138000 26.560632
0.139000 27.753037
0.140000 28.956743
0.141000 30.170650
0.142000 31.393976
0.143000 32.625620
0.144000 33.864641
0.145000 35.110097
0.146000 36.361047
0.147000 37.616706
0.148000 38.876131
0.149000 40.138696
0.150000 41.403301
0.151000 42.669476
0.152000 43.936279
0.153000 45.203081
0.154000 46.469099
0.155000 47.733861
0.156000 48.996583
0.157000 50.256636
0.158000 51.513550
0.159000 52.766541
0.160000 54.015450
0.161000 55.259494
0.162000 56.498201
0.163000 57.731258
0.164000 58.958193
0.165000 60.178379
0.166000 61.391816
0.167000 62.597876
0.168000 63.796245
0.169000 64.986767
0.170000 66.168969
0.171000 67.342539
0.172000 68.507320
0.173000 69.663153
0.174000 70.809726
0.175000 71.946725
0.176000 73.074150
0.177000 74.191843
0.178000 75.299491
0.179000 76.396936
0.180000 77.484180
0.181000 78.561064
0.182000 79.627589
0.183000 80.683441
0.184000 81.728777
0.185000 82.763439
0.186000 83.787429
0.187000 84.800431
0.188000 85.802918
0.189000 86.794417
0.190000 87.775087
0.191000 88.744926
0.192000 89.703935
0.193000 90.652114
0.194000 91.589620
0.195000 92.516139
0.196000 93.432142
0.197000 94.337315
0.198000 95.231815
0.199000 96.115642
0.200000 96.989109
0.201000 97.851904
0.202000 98.704339
0.203000 99.546258
0.204000 100.377975
0.205000 101.199489
0.206000 102.010802
0.207000 102.812069
0.208000 103.603291
0.209000 104.384781
0.210000 105.156226
0.211000 105.918097
0.212000 106.670237
0.213000 107.412959
0.214000 108.146107
0.215000 108.869837
0.216000 109.584463
0.217000 110.289830
0.218000 110.986092
0.219000 111.673565
0.220000 112.352092
0.221000 113.021829
0.222000 113.682933
0.223000 114.335405
0.224000 114.979401
0.225000 115.615078
0.226000 116.242593
0.227000 116.861790
0.228000 117.473138
0.229000 118.076325
0.230000 118.671822
0.231000 119.259470
0.232000 119.839427
0.233000 120.411850
0.234000 120.976897
0.235000 121.534409
0.236000 122.084859
0.237000 122.628088
0.238000 123.164097
0.239000 123.693357
0.240000 124.215554
0.241000 124.731002
0.242000 125.239858
0.243000 125.742121
0.244000 126.237792
0.245000 126.727028
0.246000 127.209829
0.247000 127.686508
0.248000 128.157066
0.249000 128.621503
0.250000 129.079976
0.251000 129.532483
0.252000 129.979341
0.253000 130.420234
0.254000 130.855634
0.255000 131.285383
0.256000 131.709638
0.257000 132.128558
0.258000 132.542140
0.259000 132.950386
0.260000 133.353453
0.261000 133.751339
0.262000 134.144204
0.263000 134.532202
0.264000 134.915178
0.265000 135.293288
0.266000 135.666690
0.267000 136.035539
0.268000 136.399523
0.269000 136.759113
0.270000 137.114150
0.271000 137.464793
0.272000 137.811040
0.273000 138.152894
0.274000 138.490509
0.275000 138.824043
0.276000 139.153340
0.277000 139.478555
0.278000 139.799847
0.279000 140.117057
0.280000 140.430501
0.281000 140.740021
0.282000 141.045617
0.283000 141.347603
0.284000 141.645822
0.285000 141.940431
0.286000 142.231430
0.287000 142.518818
0.288000 142.802754
0.289000 143.083237
0.290000 143.360267
0.291000 143.634000
0.292000 143.904281
0.293000 144.171422
0.294000 144.435110
0.295000 144.695816
0.296000 144.953226
0.297000 145.207497
0.298000 145.458786
0.299000 145.706936
0.300000 145.952103
0.301000 146.194131
0.302000 146.433334
0.303000 146.669712
0.304000 146.903107
0.305000 147.133678
0.306000 147.361423
0.307000 147.586343
0.308000 147.808437
0.309000 148.027863
0.310000 148.244622
0.311000 148.458711
0.312000 148.669976
0.313000 148.878729
0.314000 149.084814
0.315000 149.288388
0.316000 149.489293
0.317000 149.687687
0.318000 149.883570
0.319000 150.076784
0.320000 150.267644
0.321000 150.455993
0.322000 150.641831
0.323000 150.825157
0.324000 151.006129
0.325000 151.184589
0.326000 151.360695
0.327000 151.534290
0.328000 151.705531
0.329000 151.874417
0.330000 152.040791
0.331000 152.204812
0.332000 152.366478
0.333000 152.525633
0.334000 152.682433
0.335000 152.836879
0.336000 152.988814
0.337000 153.138394
0.338000 153.285620
0.339000 153.430335
0.340000 153.572695
0.341000 153.712544
0.342000 153.850038
0.343000 153.985022
0.344000 154.117494
0.345000 154.247454
0.346000 154.374904
0.347000 154.499685
0.348000 154.622111
0.349000 154.741870
0.350000 154.858960
0.351000 154.973539
0.352000 155.085293
0.353000 155.194378
0.354000 155.300795
0.355000 155.404387
0.356000 155.505153
0.357000 155.603095
0.358000 155.698211
0.359000 155.790345
0.360000 155.879497
0.361000 155.965509
0.362000 156.048540
0.363000 156.128431
0.364000 156.205026
0.365000 156.278325
0.366000 156.348485
0.367000 156.415192
0.368000 156.478446
0.369000 156.538090
0.370000 156.594123
0.371000 156.646704
0.372000 156.695361
0.373000 156.740094
0.374000 156.781059
0.375000 156.817944
0.376000 156.850748
0.377000 156.879472
0.378000 156.903800
0.379000 156.923734
0.380000 156.939115
0.381000 156.949946
0.382000 156.956067
0.383000 156.957323
0.384000 156.953712
0.385000 156.944923
0.386000 156.930954
0.387000 156.911648
0.388000 156.886849
0.389000 156.856556
0.390000 156.820456
0.391000 156.778548
0.392000 156.730519
0.393000 156.676212
0.394000 156.615783
0.395000 156.548763
0.396000 156.474993
0.397000 156.394474
0.398000 156.306891
0.399000 156.212246
0.400000 156.110224
0.401000 156.000668
0.402000 155.883264
0.403000 155.758012
0.404000 155.624755
0.405000 155.483179
0.406000 155.332971
0.407000 155.174130
0.408000 155.006500
0.409000 154.829609
0.410000 154.643458
0.411000 154.447732
0.412000 154.242432
0.413000 154.026929
0.414000 153.801382
0.415000 153.565318
0.416000 153.318738
0.417000 153.061171
0.418000 152.792617
0.419000 152.512605
0.420000 152.221292
0.421000 151.918051
0.422000 151.602723
0.423000 151.275310
0.424000 150.935341
0.425000 150.582815
0.426000 150.217261
0.427000 149.838523
0.428000 149.446601
0.429000 149.041023
0.430000 148.621633
0.431000 148.188274
0.432000 147.740632
0.433000 147.278706
0.434000 146.802027
0.435000 146.310750
0.436000 145.804249
0.437000 145.282837
0.438000 144.745886
0.439000 144.193553
0.440000 143.625368
0.441000 143.041643
0.442000 142.441752
0.443000 141.825852
0.444000 141.193785
0.445000 140.545551
0.446000 139.880837
0.447000 139.199642
0.448000 138.501967
0.449000 137.787654
0.450000 137.056704
0.451000 136.309116
0.452000 135.544891
0.453000 134.764185
0.454000 133.966685
0.455000 133.152547
0.456000 132.322086
0.457000 131.474987
0.458000 130.611722
0.459000 129.732133
0.460000 128.836535
0.461000 127.924770
0.462000 126.997466
0.463000 126.054466
0.464000 125.095928
0.465000 124.122478
0.466000 123.133961
0.467000 122.130847
0.468000 121.113450
0.469000 120.081926
0.470000 119.036590
0.471000 117.978070
0.472000 116.906366
0.473000 115.822104
0.474000 114.725601
0.475000 113.617168
0.476000 112.497434
0.477000 111.366714
0.478000 110.225477
0.479000 109.074352
0.480000 107.913653
0.481000 106.743850
0.482000 105.565728
0.483000 104.379602
0.484000 103.185941
0.485000 101.985532
0.486000 100.778687
0.487000 99.566191
0.488000 98.348517
0.489000 97.126290
0.490000 95.899982
0.491000 94.670222
0.492000 93.437636
0.493000 92.202853
0.494000 90.966500
0.495000 89.728891
0.496000 88.490812
0.497000 87.252890
0.498000 86.015752
0.499000 84.779713
0.500000 83.545558
0.501000 82.313756
0.502000 81.084938
0.503000 79.859572
0.504000 78.638287
0.505000 77.421554
0.506000 76.209843
0.507000 75.003626
0.508000 73.803530
0.509000 72.610027
0.510000 71.423430
0.511000 70.244366
0.512000 69.072994
0.513000 67.910097
0.514000 66.755676
0.515000 65.610515
0.516000 64.474772
0.517000 63.348760
0.518000 62.232794
0.519000 61.127500
0.520000 60.032723
0.521000 58.949246
0.522000 57.876914
0.523000 56.816039
0.524000 55.767094
0.525000 54.730234
0.526000 53.705459
0.527000 52.693084
0.528000 51.693266
0.529000 50.706162
0.530000 49.731928
0.531000 48.770721
0.532000 47.822542
0.533000 46.887547
0.534000 45.965737
0.535000 45.057268
0.536000 44.162140
0.537000 43.280511
0.538000 42.412223
0.539000 41.557433
0.540000 40.715985
0.541000 39.888035
0.542000 39.073427
0.543000 38.272317
0.544000 37.484391
0.545000 36.709806
0.546000 35.948406
0.547000 35.200191
0.548000 34.465003
0.549000 33.742842
0.550000 33.033552
0.551000 32.337132
0.552000 31.653426
0.553000 30.982120
0.554000 30.323370
0.555000 29.677020
0.556000 29.042755
0.557000 28.420733
0.558000 27.810483
0.559000 27.212162
0.560000 26.625455
0.561000 26.050207
0.562000 25.486416
0.563000 24.933769
0.564000 24.392267
0.565000 23.861594
0.566000 23.341594
0.567000 22.832425
0.568000 22.333457
0.569000 21.844849
0.570000 21.366443
0.571000 20.897926
0.572000 20.439139
0.573000 19.990085
0.574000 19.550447
0.575000 19.120070
0.576000 18.698797
0.577000 18.286627
0.578000 17.883246
0.579000 17.488499
0.580000 17.102227
0.581000 16.724431
0.582000 16.354796
0.583000 15.993166
0.584000 15.639385
0.585000 15.293294
0.586000 14.954894
0.587000 14.623871
0.588000 14.300225
0.589000 13.983642
0.590000 13.674122
0.591000 13.371508
0.592000 13.075487
0.593000 12.786057
0.594000 12.503220
0.595000 12.226662
0.596000 11.956224
0.597000 11.691751
0.598000 11.433399
0.599000 11.180698
0.600000 10.933804
0.601000 10.692404
0.602000 10.456340
0.603000 10.225770
0.604000 10.000222
0.605000 9.780011
0.606000 9.564508
0.607000 9.354029
0.608000 9.148258
0.609000 8.947195
0.610000 8.750685
0.611000 8.558726
0.612000 8.371005
0.613000 8.187522
0.614000 8.008120
0.615000 7.832955
0.616000 7.661715
0.617000 7.494398
0.618000 7.330849
0.619000 7.170909
0.620000 7.014737
0.621000 6.862017
0.622000 6.712908
0.623000 6.567094
0.624000 6.424577
0.625000 6.285199
0.626000 6.149117
0.627000 6.016017
0.628000 5.886057
0.629000 5.759078
0.630000 5.634768
0.631000 5.513440
0.632000 5.394780
0.633000 5.278946
0.634000 5.165622
0.635000 5.054811
0.636000 4.946510
0.637000 4.840721
0.638000 4.737286
0.639000 4.636205
0.640000 4.537322
0.641000 4.440794
0.642000 4.346305
0.643000 4.254014
0.644000 4.163764
0.645000 4.075711
0.646000 3.989384
0.647000 3.905098
0.648000 3.822696
0.649000 3.742176
0.650000 3.663384
0.651000 3.586475
0.652000 3.511135
0.653000 3.437522
0.654000 3.365636
0.655000 3.295162
0.656000 3.226415
0.657000 3.159080
0.658000 3.093315
0.659000 3.029119
0.660000 2.966179
0.661000 2.904652
0.662000 2.844538
0.663000 2.785679
0.664000 2.728232
0.665000 2.671885
0.666000 2.616949
0.667000 2.563113
0.668000 2.510532
0.669000 2.459050
0.670000 2.408667
0.671000 2.359382
0.672000 2.311197
0.673000 2.264109
0.674000 2.218121
0.675000 2.172917
0.676000 2.128812
0.677000 2.085649
0.678000 2.043427
0.679000 2.002148
0.680000 1.961810
0.681000 1.922256
0.682000 1.883645
0.683000 1.845661
0.684000 1.808776
0.685000 1.772519
0.686000 1.737047
0.687000 1.702359
0.688000 1.668299
0.689000 1.635181
0.690000 1.602691
0.691000 1.570829
0.692000 1.539594
0.693000 1.509145
0.694000 1.479323
0.695000 1.450129
0.696000 1.421562
0.697000 1.393624
0.698000 1.366157
0.699000 1.339317
0.700000 1.313105
0.701000 1.287364
0.702000 1.262251
0.703000 1.237608
0.704000 1.213594
0.705000 1.189893
0.706000 1.166821
0.707000 1.144219
0.708000 1.122088
0.709000 1.100428
0.710000 1.079082
0.711000 1.058363
0.712000 1.037959
0.713000 1.018025
0.714000 0.998406
0.715000 0.979414
0.716000 0.960579
0.717000 0.942215
0.718000 0.924322
0.719000 0.906742
0.720000 0.889477
0.721000 0.872526
0.722000 0.856045
0.723000 0.839722
0.724000 0.823869
0.725000 0.808330
0.726000 0.793105
0.727000 0.778194
0.728000 0.763597
0.729000 0.749157
0.730000 0.735188
0.731000 0.721376
0.732000 0.708034
0.733000 0.694693
0.734000 0.681823
0.735000 0.669109
0.736000 0.656709
0.737000 0.644467
0.738000 0.632538
0.739000 0.620923
0.740000 0.609465
0.741000 0.598164
0.742000 0.587177
0.743000 0.576347
0.744000 0.565831
0.745000 0.555472
0.746000 0.545270
0.747000 0.535224
0.748000 0.525493
0.749000 0.515919
0.750000 0.506501
0.751000 0.497398
0.752000 0.488294
0.753000 0.479505
0.754000 0.470872
0.755000 0.462239
0.756000 0.453921
0.757000 0.445759
0.758000 0.437754
0.759000 0.429906
0.760000 0.422215
0.761000 0.414681
0.762000 0.407304
0.763000 0.399927
0.764000 0.392864
0.765000 0.385801
0.766000 0.379052
0.767000 0.372303
0.768000 0.365711
0.769000 0.359118
0.770000 0.352840
0.771000 0.346562
0.772000 0.340440
0.773000 0.334476
0.774000 0.328669
0.775000 0.322861
0.776000 0.317211
0.777000 0.311717
0.778000 0.306224
0.779000 0.300887
0.780000 0.295551
0.781000 0.290528
0.782000 0.285348
0.783000 0.280483
0.784000 0.275617
0.785000 0.270908
0.786000 0.266200
0.787000 0.261648
0.788000 0.257096
0.789000 0.252701
0.790000 0.248306
0.791000 0.244069
0.792000 0.239831
0.793000 0.235750
0.794000 0.231669
0.795000 0.227745
0.796000 0.223821
0.797000 0.220054
0.798000 0.216287
0.799000 0.212677
0.800000 0.209067
0.801000 0.205614
0.802000 0.202004
0.803000 0.198708
0.804000 0.195255
0.805000 0.191959
0.806000 0.188820
0.807000 0.185681
0.808000 0.182541
0.809000 0.179402
0.810000 0.176420
0.811000 0.173595
0.812000 0.170613
0.813000 0.167787
0.814000 0.164962
0.815000 0.162294
0.816000 0.159626
0.817000 0.156957
0.818000 0.154289
0.819000 0.151778
0.820000 0.149266
0.821000 0.146755
0.822000 0.144401
0.823000 0.142046
0.824000 0.139692
0.825000 0.137495
0.826000 0.135140
0.827000 0.132943
0.828000 0.130745
0.829000 0.128705
0.830000 0.126508
0.831000 0.124467
0.832000 0.122584
0.833000 0.120543
0.834000 0.118503
0.835000 0.116619
0.836000 0.114736
0.837000 0.112852
0.838000 0.111126
0.839000 0.109399
0.840000 0.107516
0.841000 0.105789
0.842000 0.104220
0.843000 0.102493
0.844000 0.100924
0.845000 0.099197
0.846000 0.097627
0.847000 0.096058
0.848000 0.094645
0.849000 0.093076
0.850000 0.091663
0.851000 0.090094
0.852000 0.088681
0.853000 0.087268
0.854000 0.086013
0.855000 0.084600
0.856000 0.083344
0.857000 0.081932
0.858000 0.080676
0.859000 0.079420
0.860000 0.078165
0.861000 0.076909
0.862000 0.075810
0.863000 0.074555
0.864000 0.073456
0.865000 0.072357
0.866000 0.071102
0.867000 0.070003
0.868000 0.068904
0.869000 0.067963
0.870000 0.066864
0.871000 0.065765
0.872000 0.064823
0.873000 0.063882
0.874000 0.062783
0.875000 0.061841
0.876000 0.060899
0.877000 0.059958
0.878000 0.059016
0.879000 0.058231
0.880000 0.057289
0.881000 0.056348
0.882000 0.055563
0.883000 0.054778
0.884000 0.053836
0.885000 0.053052
0.886000 0.052267
0.887000 0.051482
0.888000 0.050697
0.889000 0.049912
0.890000 0.049128
0.891000 0.048500
0.892000 0.047715
0.893000 0.046930
0.894000 0.046302
0.895000 0.045675
0.896000 0.044890
0.897000 0.044262
0.898000 0.043634
0.899000 0.043006
0.900000 0.042378
0.901000 0.041751
0.902000 0.041123
0.903000 0.040495
0.904000 0.039867
0.905000 0.039239
0.906000 0.038768
0.907000 0.038141
0.908000 0.037513
0.909000 0.037042
0.910000 0.036414
0.911000 0.035943
0.912000 0.035472
0.913000 0.034845
0.914000 0.034374
0.915000 0.033903
0.916000 0.033432
0.917000 0.032961
0.918000 0.032490
0.919000 0.032019
0.920000 0.031548
0.921000 0.031078
0.922000 0.030607
0.923000 0.030136
0.924000 0.029665
0.925000 0.029351
0.926000 0.028880
0.927000 0.028409
0.928000 0.028095
0.929000 0.027624
0.930000 0.027154
0.931000 0.026840
0.932000 0.026526
0.933000 0.026055
0.934000 0.025741
0.935000 0.025270
0.936000 0.024956
0.937000 0.024642
0.938000 0.024328
0.939000 0.023858
0.940000 0.023544
0.941000 0.023230
0.942000 0.022916
0.943000 0.022602
0.944000 0.022288
0.945000 0.021974
0.946000 0.021660
0.947000 0.021346
0.948000 0.021032
0.949000 0.020718
0.950000 0.020404
0.951000 0.020247
0.952000 0.019934
0.953000 0.019620
0.954000 0.019306
0.955000 0.019149
0.956000 0.018835
0.957000 0.018521
0.958000 0.018364
0.959000 0.018050
0.960000 0.017736
0.961000 0.017579
0.962000 0.017265
0.963000 0.017108
0.964000 0.016794
0.965000 0.016637
0.966000 0.016324
0.967000 0.016167
0.968000 0.015853
0.969000 0.015696
0.970000 0.015539
0.971000 0.015225
0.972000 0.015068
0.973000 0.014911
0.974000 0.014597
0.975000 0.014440
0.976000 0.014283
0.977000 0.014126
0.978000 0.013812
0.979000 0.013655
0.980000 0.013498
0.981000 0.013341
0.982000 0.013184
0.983000 0.013027
0.984000 0.012871
0.985000 0.012557
0.986000 0.012400
0.987000 0.012243
0.988000 0.012086
0.989000 0.011929
0.990000 0.011772
0.991000 0.011615
0.992000 0.011458
0.993000 0.011301
0.994000 0.011144
0.995000 0.010987
0.996000 0.010830
0.997000 0.010673
0.998000 0.010673
0.999000 0.010516
1.000000 0.010359
1.001000 0.010202
1.002000 0.010045
1.003000 0.009888
1.004000 0.009731
1.005000 0.009731
1.006000 0.009574
1.007000 0.009417
1.008000 0.009260
1.009000 0.009104
1.010000 0.009104
1.011000 0.008947
1.012000 0.008790
1.013000 0.008633
1.014000 0.008633
1.015000 0.008476
1.016000 0.008319
1.017000 0.008319
1.018000 0.008162
1.019000 0.008005
1.020000 0.008005
1.021000 0.007848
1.022000 0.007691
1.023000 0.007691
1.024000 0.007534
1.025000 0.007377
1.026000 0.007377
1.027000 0.007220
1.028000 0.007220
1.029000 0.007063
1.030000 0.006906
1.031000 0.006906
1.032000 0.006749
1.033000 0.006749
1.034000 0.006592
1.035000 0.006592
1.036000 0.006435
1.037000 0.006435
1.038000 0.006278
1.039000 0.006278
1.040000 0.006121
1.041000 0.006121
1.042000 0.005964
1.043000 0.005964
1.044000 0.005807
1.045000 0.005807
1.046000 0.005650
1.047000 0.005650
1.048000 0.005494
1.049000 0.005494
1.050000 0.005337
1.051000 0.005337
1.052000 0.005337
1.053000 0.005180
1.054000 0.005180
1.055000 0.005023
1.056000 0.005023
1.057000 0.005023
1.058000 0.004866
1.059000 0.004866
1.060000 0.004709
1.061000 0.004709
1.062000 0.004709
1.063000 0.004552
1.064000 0.004552
1.065000 0.004552
1.066000 0.004395
1.067000 0.004395
1.068000 0.004238
1.069000 0.004238
1.070000 0.004238
1.071000 0.004081
1.072000 0.004081
1.073000 0.004081
1.074000 0.004081
1.075000 0.003924
1.076000 0.003924
1.077000 0.003924
1.078000 0.003767
1.079000 0.003767
1.080000 0.003767
1.081000 0.003610
1.082000 0.003610
1.083000 0.003610
1.084000 0.003610
1.085000 0.003453
1.086000 0.003453
1.087000 0.003453
1.088000 0.003453
1.089000 0.003296
1.090000 0.003296
1.091000 0.003296
1.092000 0.003139
1.093000 0.003139
1.094000 0.003139
1.095000 0.003139
1.096000 0.003139
1.097000 0.002982
1.098000 0.002982
1.099000 0.002982
