1100 64
0.000000 0.000000
0.001000 0.000000
0.002000 0.000000
0.003000 0.000000
0.004000 0.000000
0.005000 0.000000
0.006000 0.000000
0.007000 0.000000
0.008000 0.000000
0.009000 0.000000
0.010000 0.000000
0.011000 0.000000
0.012000 0.000000
0.013000 0.000000
0.014000 0.000000
0.015000 0.000000
0.016000 0.000000
0.017000 0.000000
0.018000 0.000000
0.019000 0.000000
0.020000 0.000000
0.021000 0.000000
0.022000 0.000000
0.023000 0.000000
0.024000 0.000000
0.025000 0.000000
0.026000 0.000000
0.027000 0.000000
0.028000 0.000000
0.029000 0.000000
0.030000 0.000000
0.031000 0.000000
0.032000 0.000000
0.033000 0.000000
0.034000 0.000000
0.035000 0.000000
0.036000 0.000000
0.037000 0.000000
0.038000 0.000000
0.039000 0.000000
0.040000 0.000000
0.041000 0.000000
0.042000 0.000000
0.043000 0.000000
0.044000 0.000000
0.045000 0.000000
0.046000 0.000000
0.047000 0.000000
0.048000 0.000000
0.049000 0.000000
0.050000 0.000000
0.051000 0.000000
0.052000 0.000000
0.053000 0.000000
0.054000 0.000000
0.055000 0.000000
0.056000 0.000000
0.057000 0.000000
0.058000 0.000000
0.059000 0.000000
0.060000 0.000000
0.061000 0.000000
0.062000 0.000000
0.063000 0.000000
0.064000 0.000000
0.065000 0.000000
0.066000 0.000000
0.067000 0.000000
0.068000 0.000000
0.069000 0.000000
0.070000 0.000000
0.071000 0.000000
0.072000 0.000000
0.073000 0.000000
0.074000 0.000000
0.075000 0.000000
0.076000 0.000000
0.077000 0.000000
0.078000 0.000000
0.079000 0.000000
0.080000 0.000000
0.081000 0.000000
0.082000 0.000000
0.083000 0.000000
0.084000 0.000000
0.085000 0.000000
0.086000 0.000000
0.087000 0.000000
0.088000 0.000000
0.089000 0.000000
0.090000 0.000000
0.091000 0.000000
0.092000 0.000000
0.093000 0.000000
0.094000 0.000000
0.095000 0.000000
0.096000 0.000000
0.097000 0.000000
0.098000 0.000000
0.099000 0.000000
0.100000 0.000000
0.101000 0.010594
0.102000 0.042376
0.103000 0.095268
0.104000 0.169272
0.105000 0.264157
0.106000 0.379922
0.107000 0.516262
0.108000 0.673098
0.109000 0.850124
0.110000 1.047109
0.111000 1.263747
0.112000 1.499730
0.113000 1.754829
0.114000 2.028582
0.115000 2.320606
0.116000 2.630516
0.117000 2.957930
0.118000 3.302385
0.119000 3.663423
0.120000 4.040505
0.121000 4.433325
0.122000 4.841190
0.123000 5.263719
0.124000 5.700296
0.125000 6.150537
0.126000 6.613753
0.127000 7.089481
0.128000 7.577108
0.129000 8.076174
0.130000 8.586141
0.131000 9.106317
0.132000 9.636320
0.133000 10.175536
0.134000 10.723349
0.135000 11.279376
0.136000 11.842926
0.137000 12.413539
0.138000 12.990754
0.139000 13.573957
0.140000 14.162687
0.141000 14.756407
0.142000 15.354733
0.143000 15.957128
0.144000 16.563131
0.145000 17.172281
0.146000 17.784119
0.147000 18.398259
0.148000 19.014241
0.149000 19.631759
0.150000 20.250275
0.151000 20.869559
0.152000 21.489150
0.153000 22.108740
0.154000 22.727947
0.155000 23.346540
0.156000 23.964135
0.157000 24.580424
0.158000 25.195179
0.159000 25.808014
0.160000 26.418853
0.161000 27.027313
0.162000 27.633162
0.163000 28.236248
0.164000 28.836339
0.165000 29.433130
0.166000 30.026620
0.167000 30.616501
0.168000 31.202622
0.169000 31.784903
0.170000 32.363116
0.171000 32.937107
0.172000 33.506799
0.173000 34.072115
0.174000 34.632902
0.175000 35.189006
0.176000 35.740427
0.177000 36.287088
0.178000 36.828837
0.179000 37.365595
0.180000 37.897364
0.181000 38.424066
0.182000 38.945701
0.183000 39.462116
0.184000 39.973388
0.185000 40.479440
0.186000 40.980271
0.187000 41.475729
0.188000 41.966043
0.189000 42.450983
0.190000 42.930627
0.191000 43.404973
0.192000 43.874023
0.193000 44.337776
0.194000 44.796308
0.195000 45.249467
0.196000 45.697482
0.197000 46.140200
0.198000 46.577698
0.199000 47.009976
0.200000 47.437188
0.201000 47.859179
0.202000 48.276103
0.203000 48.687884
0.204000 49.094675
0.205000 49.496477
0.206000 49.893288
0.207000 50.285186
0.208000 50.672171
0.209000 51.054397
0.210000 51.431709
0.211000 51.804339
0.212000 52.172209
0.213000 52.535473
0.214000 52.894054
0.215000 53.248029
0.216000 53.597551
0.217000 53.942545
0.218000 54.283085
0.219000 54.619327
0.220000 54.951193
0.221000 55.278760
0.222000 55.602105
0.223000 55.921228
0.224000 56.236205
0.225000 56.547113
0.226000 56.854030
0.227000 57.156878
0.228000 57.455887
0.229000 57.750905
0.230000 58.042161
0.231000 58.329578
0.232000 58.613234
0.233000 58.893206
0.234000 59.169569
0.235000 59.442247
0.236000 59.711471
0.237000 59.977163
0.238000 60.239324
0.239000 60.498184
0.240000 60.753590
0.241000 61.005694
0.242000 61.254575
0.243000 61.500231
0.244000 61.742663
0.245000 61.981947
0.246000 62.218084
0.247000 62.451227
0.248000 62.681376
0.249000 62.908531
0.250000 63.132769
0.251000 63.354090
0.252000 63.572647
0.253000 63.788287
0.254000 64.001240
0.255000 64.211429
0.256000 64.418932
0.257000 64.623825
0.258000 64.826107
0.259000 65.025779
0.260000 65.222918
0.261000 65.417524
0.262000 65.609673
0.263000 65.799442
0.264000 65.986755
0.265000 66.171688
0.266000 66.354318
0.267000 66.534722
0.268000 66.712746
0.269000 66.888620
0.270000 67.062268
0.271000 67.233767
0.272000 67.403116
0.273000 67.570316
0.274000 67.735443
0.275000 67.898574
0.276000 68.059632
0.277000 68.218694
0.278000 68.375837
0.279000 68.530985
0.280000 68.684289
0.281000 68.835675
0.282000 68.985141
0.283000 69.132842
0.284000 69.278700
0.285000 69.422793
0.286000 69.565120
0.287000 69.705681
0.288000 69.844554
0.289000 69.981737
0.290000 70.117232
0.291000 70.251115
0.292000 70.383308
0.293000 70.513967
0.294000 70.642936
0.295000 70.770447
0.296000 70.896346
0.297000 71.020709
0.298000 71.143614
0.299000 71.264983
0.300000 71.384894
0.301000 71.503270
0.302000 71.620263
0.303000 71.735875
0.304000 71.850029
0.305000 71.962800
0.306000 72.074190
0.307000 72.184198
0.308000 72.292824
0.309000 72.400145
0.310000 72.506161
0.311000 72.610872
0.312000 72.714201
0.313000 72.816301
0.314000 72.917097
0.315000 73.016665
0.316000 73.114927
0.317000 73.211961
0.318000 73.307767
0.319000 73.402268
0.320000 73.495617
0.321000 73.587738
0.322000 73.678631
0.323000 73.768296
0.324000 73.856808
0.325000 73.944093
0.326000 74.030226
0.327000 74.115131
0.328000 74.198885
0.329000 74.281486
0.330000 74.362860
0.331000 74.443082
0.332000 74.522153
0.333000 74.599995
0.334000 74.676686
0.335000 74.752225
0.336000 74.826536
0.337000 74.899695
0.338000 74.971703
0.339000 75.042483
0.340000 75.112111
0.341000 75.180511
0.342000 75.247759
0.343000 75.313779
0.344000 75.378571
0.345000 75.442135
0.346000 75.504470
0.347000 75.565500
0.348000 75.625379
0.349000 75.683952
0.350000 75.741221
0.351000 75.797261
0.352000 75.851920
0.353000 75.905273
0.354000 75.957322
0.355000 76.007988
0.356000 76.057273
0.357000 76.105176
0.358000 76.151697
0.359000 76.196759
0.360000 76.240363
0.361000 76.282432
0.362000 76.323042
0.363000 76.362117
0.364000 76.399579
0.365000 76.435430
0.366000 76.469745
0.367000 76.502371
0.368000 76.533308
0.369000 76.562480
0.370000 76.589886
0.371000 76.615603
0.372000 76.639401
0.373000 76.661280
0.374000 76.681316
0.375000 76.699356
0.376000 76.715401
0.377000 76.729449
0.378000 76.741348
0.379000 76.751098
0.380000 76.758621
0.381000 76.763918
0.382000 76.766912
0.383000 76.767526
0.384000 76.765760
0.385000 76.761461
0.386000 76.754629
0.387000 76.745187
0.388000 76.733057
0.389000 76.718241
0.390000 76.700585
0.391000 76.680088
0.392000 76.656597
0.393000 76.630035
0.394000 76.600480
0.395000 76.567700
0.396000 76.531619
0.397000 76.492238
0.398000 76.449401
0.399000 76.403111
0.400000 76.353212
0.401000 76.299628
0.402000 76.242206
0.403000 76.180945
0.404000 76.115770
0.405000 76.046525
0.406000 75.973059
0.407000 75.895370
0.408000 75.813382
0.409000 75.726865
0.410000 75.635819
0.411000 75.540090
0.412000 75.439678
0.413000 75.334276
0.414000 75.223961
0.415000 75.108503
0.416000 74.987901
0.417000 74.861926
0.418000 74.730576
0.419000 74.593623
0.420000 74.451143
0.421000 74.302828
0.422000 74.148602
0.423000 73.988465
0.424000 73.822186
0.425000 73.649766
0.426000 73.470975
0.427000 73.285735
0.428000 73.094046
0.429000 72.895679
0.430000 72.690556
0.431000 72.478601
0.432000 72.259660
0.433000 72.033733
0.434000 71.800590
0.435000 71.560308
0.436000 71.312579
0.437000 71.057557
0.438000 70.794936
0.439000 70.524791
0.440000 70.246892
0.441000 69.961394
0.442000 69.667988
0.443000 69.366753
0.444000 69.057610
0.445000 68.740560
0.446000 68.415449
0.447000 68.082278
0.448000 67.741047
0.449000 67.391678
0.450000 67.034171
0.451000 66.668528
0.452000 66.294747
0.453000 65.912905
0.454000 65.522849
0.455000 65.124656
0.456000 64.718479
0.457000 64.304165
0.458000 63.881943
0.459000 63.451738
0.460000 63.013703
0.461000 62.567760
0.462000 62.114217
0.463000 61.652998
0.464000 61.184179
0.465000 60.708067
0.466000 60.224585
0.467000 59.733963
0.468000 59.236356
0.469000 58.731840
0.470000 58.220568
0.471000 57.702848
0.472000 57.178680
0.473000 56.648370
0.474000 56.112072
0.475000 55.569939
0.476000 55.022280
0.477000 54.469247
0.478000 53.911070
0.479000 53.348057
0.480000 52.780361
0.481000 52.208213
0.482000 51.631996
0.483000 51.051863
0.484000 50.468046
0.485000 49.880928
0.486000 49.290663
0.487000 48.697634
0.488000 48.102071
0.489000 47.504282
0.490000 46.904498
0.491000 46.303024
0.492000 45.700169
0.493000 45.096239
0.494000 44.491541
0.495000 43.886229
0.496000 43.280687
0.497000 42.675221
0.498000 42.070140
0.499000 41.465595
0.500000 40.861972
0.501000 40.259501
0.502000 39.658488
0.503000 39.059164
0.504000 38.461836
0.505000 37.866734
0.506000 37.274088
0.507000 36.684130
0.508000 36.097165
0.509000 35.513425
0.510000 34.933063
0.511000 34.356385
0.512000 33.783469
0.513000 33.214698
0.514000 32.650073
0.515000 32.089977
0.516000 31.534488
0.517000 30.983757
0.518000 30.437940
0.519000 29.897343
0.520000 29.361890
0.521000 28.831964
0.522000 28.307488
0.523000 27.788616
0.524000 27.275579
0.525000 26.768452
0.526000 26.267237
0.527000 25.772087
0.528000 25.283078
0.529000 24.800287
0.530000 24.323791
0.531000 23.853666
0.532000 23.389914
0.533000 22.932610
0.534000 22.481754
0.535000 22.037423
0.536000 21.599618
0.537000 21.168415
0.538000 20.743737
0.539000 20.325661
0.540000 19.914110
0.541000 19.509162
0.542000 19.110738
0.543000 18.718917
0.544000 18.333544
0.545000 17.954696
0.546000 17.582297
0.547000 17.216346
0.548000 16.856767
0.549000 16.503560
0.550000 16.156647
0.551000 15.816030
0.552000 15.481630
0.553000 15.153295
0.554000 14.831102
0.555000 14.514974
0.556000 14.204756
0.557000 13.900526
0.558000 13.602054
0.559000 13.309416
0.560000 13.022459
0.561000 12.741106
0.562000 12.465357
0.563000 12.195059
0.564000 11.930211
0.565000 11.670660
0.566000 11.416329
0.567000 11.167295
0.568000 10.923251
0.569000 10.684274
0.570000 10.450287
0.571000 10.221135
0.572000 9.996744
0.573000 9.777112
0.574000 9.562086
0.575000 9.351590
0.576000 9.145546
0.577000 8.943954
0.578000 8.746662
0.579000 8.553591
0.580000 8.364666
0.581000 8.179887
0.582000 7.999099
0.583000 7.822227
0.584000 7.649193
0.585000 7.479921
0.586000 7.314410
0.587000 7.152507
0.588000 6.994213
0.589000 6.839372
0.590000 6.687987
0.591000 6.539979
0.592000 6.395196
0.593000 6.253636
0.594000 6.115301
0.595000 5.980037
0.596000 5.847766
0.597000 5.718413
0.598000 5.592054
0.599000 5.468458
0.600000 5.347703
0.601000 5.229634
0.602000 5.114176
0.603000 5.001404
0.604000 4.891089
0.605000 4.783385
0.606000 4.677983
0.607000 4.575037
0.608000 4.474395
0.609000 4.376056
0.610000 4.279943
0.611000 4.186056
0.612000 4.094242
0.613000 4.004501
0.614000 3.916756
0.615000 3.831083
0.616000 3.747330
0.617000 3.665496
0.618000 3.585504
0.619000 3.507278
0.620000 3.430894
0.621000 3.356199
0.622000 3.283270
0.623000 3.211953
0.624000 3.142248
0.625000 3.074079
0.626000 3.007521
0.627000 2.942423
0.628000 2.878859
0.629000 2.816754
0.630000 2.755954
0.631000 2.696613
0.632000 2.638577
0.633000 2.581922
0.634000 2.526496
0.635000 2.472298
0.636000 2.419329
0.637000 2.367587
0.638000 2.316997
0.639000 2.267559
0.640000 2.219196
0.641000 2.171984
0.642000 2.125770
0.643000 2.080630
0.644000 2.036489
0.645000 1.993422
0.646000 1.951200
0.647000 1.909976
0.648000 1.869673
0.649000 1.830291
0.650000 1.791754
0.651000 1.754138
0.652000 1.717290
0.653000 1.681286
0.654000 1.646126
0.655000 1.611657
0.656000 1.578033
0.657000 1.545100
0.658000 1.512934
0.659000 1.481536
0.660000 1.450753
0.661000 1.420660
0.662000 1.391258
0.663000 1.362470
0.664000 1.334373
0.665000 1.306814
0.666000 1.279945
0.667000 1.253614
0.668000 1.227897
0.669000 1.202717
0.670000 1.178074
0.671000 1.153969
0.672000 1.130402
0.673000 1.107372
0.674000 1.084879
0.675000 1.062770
0.676000 1.041198
0.677000 1.020087
0.678000 0.999436
0.679000 0.979247
0.680000 0.959517
0.681000 0.940172
0.682000 0.921287
0.683000 0.902709
0.684000 0.884669
0.685000 0.866936
0.686000 0.849586
0.687000 0.832621
0.688000 0.815962
0.689000 0.799764
0.690000 0.783873
0.691000 0.768289
0.692000 0.753013
0.693000 0.738120
0.694000 0.723534
0.695000 0.709255
0.696000 0.695283
0.697000 0.681619
0.698000 0.668185
0.699000 0.655057
0.700000 0.642237
0.701000 0.629647
0.702000 0.617364
0.703000 0.605312
0.704000 0.593567
0.705000 0.581975
0.706000 0.570690
0.707000 0.559635
0.708000 0.548811
0.709000 0.538217
0.710000 0.527777
0.711000 0.517643
0.712000 0.507664
0.713000 0.497914
0.714000 0.488318
0.715000 0.479029
0.716000 0.469817
0.717000 0.460835
0.718000 0.452084
0.719000 0.443486
0.720000 0.435042
0.721000 0.426751
0.722000 0.418690
0.723000 0.410706
0.724000 0.402953
0.725000 0.395353
0.726000 0.387906
0.727000 0.380613
0.728000 0.373474
0.729000 0.366411
0.730000 0.359579
0.731000 0.352824
0.732000 0.346298
0.733000 0.339773
0.734000 0.333478
0.735000 0.327260
0.736000 0.321195
0.737000 0.315207
0.738000 0.309373
0.739000 0.303692
0.740000 0.298088
0.741000 0.292561
0.742000 0.287187
0.743000 0.281890
0.744000 0.276747
0.745000 0.271680
0.746000 0.266690
0.747000 0.261777
0.748000 0.257018
0.749000 0.252335
0.750000 0.247729
0.751000 0.243276
0.752000 0.238824
0.753000 0.234525
0.754000 0.230303
0.755000 0.226080
0.756000 0.222012
0.757000 0.218020
0.758000 0.214105
0.759000 0.210266
0.760000 0.206505
0.761000 0.202820
0.762000 0.199212
0.763000 0.195604
0.764000 0.192149
0.765000 0.188695
0.766000 0.185394
0.767000 0.182093
0.768000 0.178868
0.769000 0.175644
0.770000 0.172573
0.771000 0.169503
0.772000 0.166509
0.773000 0.163592
0.774000 0.160751
0.775000 0.157911
0.776000 0.155147
0.777000 0.152460
0.778000 0.149773
0.779000 0.147163
0.780000 0.144553
0.781000 0.142097
0.782000 0.139563
0.783000 0.137184
0.784000 0.134804
0.785000 0.132501
0.786000 0.130198
0.787000 0.127971
0.788000 0.125745
0.789000 0.123596
0.790000 0.121446
0.791000 0.119374
0.792000 0.117301
0.793000 0.115305
0.794000 0.113309
0.795000 0.111390
0.796000 0.109470
0.797000 0.107628
0.798000 0.105786
0.799000 0.104020
0.800000 0.102254
0.801000 0.100565
0.802000 0.098800
0.803000 0.097188
0.804000 0.095499
0.805000 0.093887
0.806000 0.092351
0.807000 0.090816
0.808000 0.089281
0.809000 0.087745
0.810000 0.086287
0.811000 0.084905
0.812000 0.083446
0.813000 0.082064
0.814000 0.080683
0.815000 0.079378
0.816000 0.078073
0.817000 0.076768
0.818000 0.075462
0.819000 0.074234
0.820000 0.073006
0.821000 0.071778
0.822000 0.070626
0.823000 0.069475
0.824000 0.068323
0.825000 0.067248
0.826000 0.066097
0.827000 0.065022
0.828000 0.063947
0.829000 0.062949
0.830000 0.061875
0.831000 0.060877
0.832000 0.059955
0.833000 0.058957
0.834000 0.057959
0.835000 0.057038
0.836000 0.056117
0.837000 0.055196
0.838000 0.054351
0.839000 0.053507
0.840000 0.052586
0.841000 0.051741
0.842000 0.050974
0.843000 0.050129
0.844000 0.049362
0.845000 0.048517
0.846000 0.047749
0.847000 0.046982
0.848000 0.046291
0.849000 0.045523
0.850000 0.044832
0.851000 0.044065
0.852000 0.043374
0.853000 0.042683
0.854000 0.042069
0.855000 0.041378
0.856000 0.040764
0.857000 0.040073
0.858000 0.039459
0.859000 0.038844
0.860000 0.038230
0.861000 0.037616
0.862000 0.037079
0.863000 0.036465
0.864000 0.035927
0.865000 0.035390
0.866000 0.034776
0.867000 0.034238
0.868000 0.033701
0.869000 0.033240
0.870000 0.032703
0.871000 0.032166
0.872000 0.031705
0.873000 0.031244
0.874000 0.030707
0.875000 0.030246
0.876000 0.029786
0.877000 0.029325
0.878000 0.028865
0.879000 0.028481
0.880000 0.028020
0.881000 0.027560
0.882000 0.027176
0.883000 0.026792
0.884000 0.026331
0.885000 0.025947
0.886000 0.025564
0.887000 0.025180
0.888000 0.024796
0.889000 0.024412
0.890000 0.024028
0.891000 0.023721
0.892000 0.023337
0.893000 0.022953
0.894000 0.022646
0.895000 0.022339
0.896000 0.021956
0.897000 0.021648
0.898000 0.021341
0.899000 0.021034
0.900000 0.020727
0.901000 0.020420
0.902000 0.020113
0.903000 0.019806
0.904000 0.019499
0.905000 0.019192
0.906000 0.018962
0.907000 0.018655
0.908000 0.018347
0.909000 0.018117
0.910000 0.017810
0.911000 0.017580
0.912000 0.017349
0.913000 0.017042
0.914000 0.016812
0.915000 0.016582
0.916000 0.016351
0.917000 0.016121
0.918000 0.015891
0.919000 0.015661
0.920000 0.015430
0.921000 0.015200
0.922000 0.014970
0.923000 0.014739
0.924000 0.014509
0.925000 0.014356
0.926000 0.014125
0.927000 0.013895
0.928000 0.013741
0.929000 0.013511
0.930000 0.013281
0.931000 0.013127
0.932000 0.012974
0.933000 0.012743
0.934000 0.012590
0.935000 0.012360
0.936000 0.012206
0.937000 0.012053
0.938000 0.011899
0.939000 0.011669
0.940000 0.011515
0.941000 0.011362
0.942000 0.011208
0.943000 0.011055
0.944000 0.010901
0.945000 0.010747
0.946000 0.010594
0.947000 0.010440
0.948000 0.010287
0.949000 0.010133
0.950000 0.009980
0.951000 0.009903
0.952000 0.009749
0.953000 0.009596
0.954000 0.009442
0.955000 0.009366
0.956000 0.009212
0.957000 0.009059
0.958000 0.008982
0.959000 0.008828
0.960000 0.008675
0.961000 0.008598
0.962000 0.008444
0.963000 0.008368
0.964000 0.008214
0.965000 0.008137
0.966000 0.007984
0.967000 0.007907
0.968000 0.007754
0.969000 0.007677
0.970000 0.007600
0.971000 0.007446
0.972000 0.007370
0.973000 0.007293
0.974000 0.007139
0.975000 0.007063
0.976000 0.006986
0.977000 0.006909
0.978000 0.006756
0.979000 0.006679
0.980000 0.006602
0.981000 0.006525
0.982000 0.006448
0.983000 0.006372
0.984000 0.006295
0.985000 0.006141
0.986000 0.006065
0.987000 0.005988
0.988000 0.005911
0.989000 0.005834
0.990000 0.005758
0.991000 0.005681
0.992000 0.005604
0.993000 0.005527
0.994000 0.005450
0.995000 0.005374
0.996000 0.005297
0.997000 0.005220
0.998000 0.005220
0.999000 0.005143
1.000000 0.005067
1.001000 0.004990
1.002000 0.004913
1.003000 0.004836
1.004000 0.004760
1.005000 0.004760
1.006000 0.004683
1.007000 0.004606
1.008000 0.004529
1.009000 0.004453
1.010000 0.004453
1.011000 0.004376
1.012000 0.004299
1.013000 0.004222
1.014000 0.004222
1.015000 0.004145
1.016000 0.004069
1.017000 0.004069
1.018000 0.003992
1.019000 0.003915
1.020000 0.003915
1.021000 0.003838
1.022000 0.003762
1.023000 0.003762
1.024000 0.003685
1.025000 0.003608
1.026000 0.003608
1.027000 0.003531
1.028000 0.003531
1.029000 0.003455
1.030000 0.003378
1.031000 0.003378
1.032000 0.003301
1.033000 0.003301
1.034000 0.003224
1.035000 0.003224
1.036000 0.003147
1.037000 0.003147
1.038000 0.003071
1.039000 0.003071
1.040000 0.002994
1.041000 0.002994
1.042000 0.002917
1.043000 0.002917
1.044000 0.002840
1.045000 0.002840
1.046000 0.002764
1.047000 0.002764
1.048000 0.002687
1.049000 0.002687
1.050000 0.002610
1.051000 0.002610
1.052000 0.002610
1.053000 0.002533
1.054000 0.002533
1.055000 0.002457
1.056000 0.002457
1.057000 0.002457
1.058000 0.002380
1.059000 0.002380
1.060000 0.002303
1.061000 0.002303
1.062000 0.002303
1.063000 0.002226
1.064000 0.002226
1.065000 0.002226
1.066000 0.002149
1.067000 0.002149
1.068000 0.002073
1.069000 0.002073
1.070000 0.002073
1.071000 0.001996
1.072000 0.001996
1.073000 0.001996
1.074000 0.001996
1.075000 0.001919
1.076000 0.001919
1.077000 0.001919
1.078000 0.001842
1.079000 0.001842
1.080000 0.001842
1.081000 0.001766
1.082000 0.001766
1.083000 0.001766
1.084000 0.001766
1.085000 0.001689
1.086000 0.001689
1.087000 0.001689
1.088000 0.001689
1.089000 0.001612
1.090000 0.001612
1.091000 0.001612
1.092000 0.001535
1.093000 0.001535
1.094000 0.001535
1.095000 0.001535
1.096000 0.001535
1.097000 0.001459
1.098000 0.001459
1.099000 0.001459
